         0
    0.1000
    0.2000
    0.3000
    0.4000
    0.5000
    0.6000
    0.7000
    0.8000
    0.9000
    1.0000
    1.1000
    1.2000
    1.3000
    1.4000
    1.5000
    1.6000
    1.7000
    1.8000
    1.9000
    2.0000
    2.1000
    2.2000
    2.3000
    2.4000
    2.5000
    2.6000
    2.7000
    2.8000
    2.9000
    3.0000
    3.1000
    3.2000
    3.3000
    3.4000
    3.5000
    3.6000
    3.7000
    3.8000
    3.9000
    4.0000
    4.1000
    4.2000
    4.3000
    4.4000
    4.5000
    4.6000
    4.7000
    4.8000
    4.9000
    5.0000
    5.1000
    5.2000
    5.3000
    5.4000
    5.5000
    5.6000
    5.7000
    5.8000
    5.9000
    6.0000
    6.1000
    6.2000
    6.3000
    6.4000
    6.5000
    6.6000
    6.7000
    6.8000
    6.9000
    7.0000
    7.1000
    7.2000
    7.3000
    7.4000
    7.5000
    7.6000
    7.7000
    7.8000
    7.9000
    8.0000
    8.1000
    8.2000
    8.3000
    8.4000
    8.5000
    8.6000
    8.7000
    8.8000
    8.9000
    9.0000
    9.1000
    9.2000
    9.3000
    9.4000
    9.5000
    9.6000
    9.7000
    9.8000
    9.9000
   10.0000
   10.1000
   10.2000
   10.3000
   10.4000
   10.5000
   10.6000
   10.7000
   10.8000
   10.9000
   11.0000
   11.1000
   11.2000
   11.3000
   11.4000
   11.5000
   11.6000
   11.7000
   11.8000
   11.9000
   12.0000
   12.1000
   12.2000
   12.3000
   12.4000
   12.5000
   12.6000
   12.7000
   12.8000
   12.9000
   13.0000
   13.1000
   13.2000
   13.3000
   13.4000
   13.5000
   13.6000
   13.7000
   13.8000
   13.9000
   14.0000
   14.1000
   14.2000
   14.3000
   14.4000
   14.5000
   14.6000
   14.7000
   14.8000
   14.9000
   15.0000
   15.1000
   15.2000
   15.3000
   15.4000
   15.5000
   15.6000
   15.7000
   15.8000
   15.9000
   16.0000
   16.1000
   16.2000
   16.3000
   16.4000
   16.5000
   16.6000
   16.7000
   16.8000
   16.9000
   17.0000
   17.1000
   17.2000
   17.3000
   17.4000
   17.5000
   17.6000
   17.7000
   17.8000
   17.9000
   18.0000
   18.1000
   18.2000
   18.3000
   18.4000
   18.5000
   18.6000
   18.7000
   18.8000
   18.9000
   19.0000
   19.1000
   19.2000
   19.3000
   19.4000
   19.5000
   19.6000
   19.7000
   19.8000
   19.9000
   20.0000
   20.1000
   20.2000
   20.3000
   20.4000
   20.5000
   20.6000
   20.7000
   20.8000
   20.9000
   21.0000
   21.1000
   21.2000
   21.3000
   21.4000
   21.5000
   21.6000
   21.7000
   21.8000
   21.9000
   22.0000
   22.1000
   22.2000
   22.3000
   22.4000
   22.5000
   22.6000
   22.7000
   22.8000
   22.9000
   23.0000
   23.1000
   23.2000
   23.3000
   23.4000
   23.5000
   23.6000
   23.7000
   23.8000
   23.9000
   24.0000
   24.1000
   24.2000
   24.3000
   24.4000
   24.5000
   24.6000
   24.7000
   24.8000
   24.9000
   25.0000
   25.1000
   25.2000
   25.3000
   25.4000
   25.5000
   25.6000
   25.7000
   25.8000
   25.9000
   26.0000
   26.1000
   26.2000
   26.3000
   26.4000
   26.5000
   26.6000
   26.7000
   26.8000
   26.9000
   27.0000
   27.1000
   27.2000
   27.3000
   27.4000
   27.5000
   27.6000
   27.7000
   27.8000
   27.9000
   28.0000
   28.1000
   28.2000
   28.3000
   28.4000
   28.5000
   28.6000
   28.7000
   28.8000
   28.9000
   29.0000
   29.1000
   29.2000
   29.3000
   29.4000
   29.5000
   29.6000
   29.7000
   29.8000
   29.9000
   30.0000
   30.1000
   30.2000
   30.3000
   30.4000
   30.5000
   30.6000
   30.7000
   30.8000
   30.9000
   31.0000
   31.1000
   31.2000
   31.3000
   31.4000
   31.5000
   31.6000
   31.7000
   31.8000
   31.9000
   32.0000
   32.1000
   32.2000
   32.3000
   32.4000
   32.5000
   32.6000
   32.7000
   32.8000
   32.9000
   33.0000
   33.1000
   33.2000
   33.3000
   33.4000
   33.5000
   33.6000
   33.7000
   33.8000
   33.9000
   34.0000
   34.1000
   34.2000
   34.3000
   34.4000
   34.5000
   34.6000
   34.7000
   34.8000
   34.9000
   35.0000
   35.1000
   35.2000
   35.3000
   35.4000
   35.5000
   35.6000
   35.7000
   35.8000
   35.9000
   36.0000
   36.1000
   36.2000
   36.3000
   36.4000
   36.5000
   36.6000
   36.7000
   36.8000
   36.9000
   37.0000
   37.1000
   37.2000
   37.3000
   37.4000
   37.5000
   37.6000
   37.7000
   37.8000
   37.9000
   38.0000
   38.1000
   38.2000
   38.3000
   38.4000
   38.5000
   38.6000
   38.7000
   38.8000
   38.9000
   39.0000
   39.1000
   39.2000
   39.3000
   39.4000
   39.5000
   39.6000
   39.7000
   39.8000
   39.9000
   40.0000
   40.1000
   40.2000
   40.3000
   40.4000
   40.5000
   40.6000
   40.7000
   40.8000
   40.9000
   41.0000
   41.1000
   41.2000
   41.3000
   41.4000
   41.5000
   41.6000
   41.7000
   41.8000
   41.9000
   42.0000
   42.1000
   42.2000
   42.3000
   42.4000
   42.5000
   42.6000
   42.7000
   42.8000
   42.9000
   43.0000
   43.1000
   43.2000
   43.3000
   43.4000
   43.5000
   43.6000
   43.7000
   43.8000
   43.9000
   44.0000
   44.1000
   44.2000
   44.3000
   44.4000
   44.5000
   44.6000
   44.7000
   44.8000
   44.9000
   45.0000
   45.1000
   45.2000
   45.3000
   45.4000
   45.5000
   45.6000
   45.7000
   45.8000
   45.9000
   46.0000
   46.1000
   46.2000
   46.3000
   46.4000
   46.5000
   46.6000
   46.7000
   46.8000
   46.9000
   47.0000
   47.1000
   47.2000
   47.3000
   47.4000
   47.5000
   47.6000
   47.7000
   47.8000
   47.9000
   48.0000
   48.1000
   48.2000
   48.3000
   48.4000
   48.5000
   48.6000
   48.7000
   48.8000
   48.9000
   49.0000
   49.1000
   49.2000
   49.3000
   49.4000
   49.5000
   49.6000
   49.7000
   49.8000
   49.9000
   50.0000
   50.1000
   50.2000
   50.3000
   50.4000
   50.5000
   50.6000
   50.7000
   50.8000
   50.9000
   51.0000
   51.1000
   51.2000
   51.3000
   51.4000
   51.5000
   51.6000
   51.7000
   51.8000
   51.9000
   52.0000
   52.1000
   52.2000
   52.3000
   52.4000
   52.5000
   52.6000
   52.7000
   52.8000
   52.9000
   53.0000
   53.1000
   53.2000
   53.3000
   53.4000
   53.5000
   53.6000
   53.7000
   53.8000
   53.9000
   54.0000
   54.1000
   54.2000
   54.3000
   54.4000
   54.5000
   54.6000
   54.7000
   54.8000
   54.9000
   55.0000
   55.1000
   55.2000
   55.3000
   55.4000
   55.5000
   55.6000
   55.7000
   55.8000
   55.9000
   56.0000
   56.1000
   56.2000
   56.3000
   56.4000
   56.5000
   56.6000
   56.7000
   56.8000
   56.9000
   57.0000
   57.1000
   57.2000
   57.3000
   57.4000
   57.5000
   57.6000
   57.7000
   57.8000
   57.9000
   58.0000
   58.1000
   58.2000
   58.3000
   58.4000
   58.5000
   58.6000
   58.7000
   58.8000
   58.9000
   59.0000
   59.1000
   59.2000
   59.3000
   59.4000
   59.5000
   59.6000
   59.7000
   59.8000
   59.9000
   60.0000
   60.1000
   60.2000
   60.3000
   60.4000
   60.5000
   60.6000
   60.7000
   60.8000
   60.9000
   61.0000
   61.1000
   61.2000
   61.3000
   61.4000
   61.5000
   61.6000
   61.7000
   61.8000
   61.9000
   62.0000
   62.1000
   62.2000
   62.3000
   62.4000
   62.5000
   62.6000
   62.7000
   62.8000
   62.9000
   63.0000
   63.1000
   63.2000
   63.3000
   63.4000
   63.5000
   63.6000
   63.7000
   63.8000
   63.9000
   64.0000
   64.1000
   64.2000
   64.3000
   64.4000
   64.5000
   64.6000
   64.7000
   64.8000
   64.9000
   65.0000
   65.1000
   65.2000
   65.3000
   65.4000
   65.5000
   65.6000
   65.7000
   65.8000
   65.9000
   66.0000
   66.1000
   66.2000
   66.3000
   66.4000
   66.5000
   66.6000
   66.7000
   66.8000
   66.9000
   67.0000
   67.1000
   67.2000
   67.3000
   67.4000
   67.5000
   67.6000
   67.7000
   67.8000
   67.9000
   68.0000
   68.1000
   68.2000
   68.3000
   68.4000
   68.5000
   68.6000
   68.7000
   68.8000
   68.9000
   69.0000
   69.1000
   69.2000
   69.3000
   69.4000
   69.5000
   69.6000
   69.7000
   69.8000
   69.9000
   70.0000
   70.1000
   70.2000
   70.3000
   70.4000
   70.5000
   70.6000
   70.7000
   70.8000
   70.9000
   71.0000
   71.1000
   71.2000
   71.3000
   71.4000
   71.5000
   71.6000
   71.7000
   71.8000
   71.9000
   72.0000
   72.1000
   72.2000
   72.3000
   72.4000
   72.5000
   72.6000
   72.7000
   72.8000
   72.9000
   73.0000
   73.1000
   73.2000
   73.3000
   73.4000
   73.5000
   73.6000
   73.7000
   73.8000
   73.9000
   74.0000
   74.1000
   74.2000
   74.3000
   74.4000
   74.5000
   74.6000
   74.7000
   74.8000
   74.9000
   75.0000
   75.1000
   75.2000
   75.3000
   75.4000
   75.5000
   75.6000
   75.7000
   75.8000
   75.9000
   76.0000
   76.1000
   76.2000
   76.3000
   76.4000
   76.5000
   76.6000
   76.7000
   76.8000
   76.9000
   77.0000
   77.1000
   77.2000
   77.3000
   77.4000
   77.5000
   77.6000
   77.7000
   77.8000
   77.9000
   78.0000
   78.1000
   78.2000
   78.3000
   78.4000
   78.5000
   78.6000
   78.7000
   78.8000
   78.9000
   79.0000
   79.1000
   79.2000
   79.3000
   79.4000
   79.5000
   79.6000
   79.7000
   79.8000
   79.9000
   80.0000
   80.1000
   80.2000
   80.3000
   80.4000
   80.5000
   80.6000
   80.7000
   80.8000
   80.9000
   81.0000
   81.1000
   81.2000
   81.3000
   81.4000
   81.5000
   81.6000
   81.7000
   81.8000
   81.9000
   82.0000
   82.1000
   82.2000
   82.3000
   82.4000
   82.5000
   82.6000
   82.7000
   82.8000
   82.9000
   83.0000
   83.1000
   83.2000
   83.3000
   83.4000
   83.5000
   83.6000
   83.7000
   83.8000
   83.9000
   84.0000
   84.1000
   84.2000
   84.3000
   84.4000
   84.5000
   84.6000
   84.7000
   84.8000
   84.9000
   85.0000
   85.1000
   85.2000
   85.3000
   85.4000
   85.5000
   85.6000
   85.7000
   85.8000
   85.9000
   86.0000
   86.1000
   86.2000
   86.3000
   86.4000
   86.5000
   86.6000
   86.7000
   86.8000
   86.9000
   87.0000
   87.1000
   87.2000
   87.3000
   87.4000
   87.5000
   87.6000
   87.7000
   87.8000
   87.9000
   88.0000
   88.1000
   88.2000
   88.3000
   88.4000
   88.5000
   88.6000
   88.7000
   88.8000
   88.9000
   89.0000
   89.1000
   89.2000
   89.3000
   89.4000
   89.5000
   89.6000
   89.7000
   89.8000
   89.9000
   90.0000
   90.1000
   90.2000
   90.3000
   90.4000
   90.5000
   90.6000
   90.7000
   90.8000
   90.9000
   91.0000
   91.1000
   91.2000
   91.3000
   91.4000
   91.5000
   91.6000
   91.7000
   91.8000
   91.9000
   92.0000
   92.1000
   92.2000
   92.3000
   92.4000
   92.5000
   92.6000
   92.7000
   92.8000
   92.9000
   93.0000
   93.1000
   93.2000
   93.3000
   93.4000
   93.5000
   93.6000
   93.7000
   93.8000
   93.9000
   94.0000
   94.1000
   94.2000
   94.3000
   94.4000
   94.5000
   94.6000
   94.7000
   94.8000
   94.9000
   95.0000
   95.1000
   95.2000
   95.3000
   95.4000
   95.5000
   95.6000
   95.7000
   95.8000
   95.9000
   96.0000
   96.1000
   96.2000
   96.3000
   96.4000
   96.5000
   96.6000
   96.7000
   96.8000
   96.9000
   97.0000
   97.1000
   97.2000
   97.3000
   97.4000
   97.5000
   97.6000
   97.7000
   97.8000
   97.9000
   98.0000
   98.1000
   98.2000
   98.3000
   98.4000
   98.5000
   98.6000
   98.7000
   98.8000
   98.9000
   99.0000
   99.1000
   99.2000
   99.3000
   99.4000
   99.5000
   99.6000
   99.7000
   99.8000
   99.9000

            0   1.0000e+00            0
   2.7239e-01   1.0000e+00  -4.9525e-02
   5.4545e-01   9.3503e-01  -9.8805e-02
   8.0378e-01   8.0475e-01  -1.4760e-01
   1.0318e+00   6.1250e-01  -1.9566e-01
   1.2148e+00   3.6529e-01  -2.4275e-01
   1.3396e+00   7.3669e-02  -2.8863e-01
   1.3955e+00  -2.4867e-01  -3.3309e-01
   1.3751e+00  -5.8547e-01  -3.7590e-01
   1.2746e+00  -9.1865e-01  -4.1685e-01
   1.0948e+00  -1.2292e+00  -4.5573e-01
   8.4080e-01  -1.4983e+00  -4.9236e-01
   5.2225e-01  -1.7082e+00  -5.2655e-01
   1.5300e-01  -1.8435e+00  -5.5813e-01
  -2.4936e-01  -1.8919e+00  -5.8694e-01
  -6.6431e-01  -1.8453e+00  -6.1285e-01
  -1.0694e+00  -1.7006e+00  -6.3573e-01
  -1.4413e+00  -1.4597e+00  -6.5545e-01
  -1.7571e+00  -1.1304e+00  -6.7193e-01
  -1.9957e+00  -7.2571e-01  -6.8508e-01
  -2.1390e+00  -2.6370e-01  -6.9484e-01
  -2.1733e+00   2.3315e-01  -7.0116e-01
  -2.0898e+00   7.3905e-01  -7.0400e-01
  -1.8863e+00   1.2261e+00  -7.0336e-01
  -1.5668e+00   1.6658e+00  -6.9924e-01
  -1.1424e+00   2.0306e+00  -6.9165e-01
  -6.3042e-01   2.2952e+00  -6.8064e-01
  -5.4489e-02   2.4388e+00  -6.6625e-01
   5.5685e-01   2.4457e+00  -6.4857e-01
   1.1713e+00   2.3074e+00  -6.2767e-01
   1.7544e+00   2.0226e+00  -6.0367e-01
   2.2713e+00   1.5984e+00  -5.7667e-01
   2.6888e+00   1.0502e+00  -5.4682e-01
   2.9772e+00   4.0124e-01  -5.1426e-01
   3.1123e+00  -3.1818e-01  -4.7916e-01
   3.0769e+00  -1.0718e+00  -4.4168e-01
   2.8626e+00  -1.8194e+00  -4.0201e-01
   2.4702e+00  -2.5184e+00  -3.6036e-01
   1.9108e+00  -3.1264e+00  -3.1692e-01
   1.2056e+00  -3.6037e+00  -2.7190e-01
   3.8521e-01  -3.9153e+00  -2.2555e-01
  -5.1139e-01  -4.0334e+00  -1.7807e-01
  -1.4385e+00  -3.9394e+00  -1.2972e-01
  -2.3459e+00  -3.6257e+00  -8.0716e-02
  -3.1815e+00  -3.0962e+00  -3.1318e-02
  -3.8938e+00  -2.3675e+00   1.8236e-02
  -4.4353e+00  -1.4683e+00   6.7700e-02
  -4.7651e+00  -4.3863e-01   1.1683e-01
  -4.8517e+00   6.7163e-01   1.6538e-01
  -4.6754e+00   1.8050e+00   2.1311e-01
  -4.2301e+00   2.8992e+00   2.5978e-01
  -3.5242e+00   3.8903e+00   3.0517e-01
  -2.5817e+00   4.7162e+00   3.4905e-01
  -1.4411e+00   5.3205e+00   3.9120e-01
  -1.5434e-01   5.6554e+00   4.3141e-01
   1.2149e+00   5.6857e+00   4.6948e-01
   2.5947e+00   5.3911e+00   5.0523e-01
   3.9080e+00   4.7681e+00   5.3848e-01
   5.0766e+00   3.8317e+00   5.6906e-01
   6.0260e+00   2.6154e+00   5.9682e-01
   6.6891e+00   1.1705e+00   6.2163e-01
   7.0110e+00  -4.3564e-01   6.4336e-01
   6.9524e+00  -2.1226e+00   6.6190e-01
   6.4934e+00  -3.8004e+00   6.7716e-01
   5.6350e+00  -5.3738e+00   6.8907e-01
   4.4009e+00  -6.7481e+00   6.9757e-01
   2.8375e+00  -7.8334e+00   7.0261e-01
   1.0123e+00  -8.5510e+00   7.0417e-01
  -9.8815e-01  -8.8378e+00   7.0225e-01
  -3.0620e+00  -8.6511e+00   6.9685e-01
  -5.0972e+00  -7.9723e+00   6.8799e-01
  -6.9770e+00  -6.8093e+00   6.7573e-01
  -8.5860e+00  -5.1976e+00   6.6012e-01
  -9.8172e+00  -3.2004e+00   6.4125e-01
  -1.0578e+01  -9.0625e-01   6.1919e-01
  -1.0797e+01   1.5741e+00   5.9407e-01
  -1.0429e+01   4.1126e+00   5.6601e-01
  -9.4576e+00   6.5701e+00   5.3515e-01
  -7.9013e+00   8.8033e+00   5.0163e-01
  -5.8116e+00   1.0673e+01   4.6563e-01
  -3.2733e+00   1.2052e+01   4.2733e-01
  -4.0168e-01   1.2831e+01   3.8691e-01
   2.6620e+00   1.2932e+01   3.4457e-01
   5.7573e+00   1.2306e+01   3.0052e-01
   8.7117e+00   1.0944e+01   2.5499e-01
   1.1350e+01   8.8774e+00   2.0820e-01
   1.3506e+01   6.1794e+00   1.6037e-01
   1.5026e+01   2.9631e+00   1.1175e-01
   1.5787e+01  -6.2244e-01   6.2573e-02
   1.5700e+01  -4.3980e+00   1.3089e-02
   1.4716e+01  -8.1628e+00  -3.6460e-02
   1.2837e+01  -1.1704e+01  -8.5829e-02
   1.0112e+01  -1.4809e+01  -1.3477e-01
   6.6438e+00  -1.7276e+01  -1.8305e-01
   2.5809e+00  -1.8927e+01  -2.3042e-01
  -1.8844e+00  -1.9619e+01  -2.7665e-01
  -6.5256e+00  -1.9253e+01  -3.2150e-01
  -1.1092e+01  -1.7786e+01  -3.6477e-01
  -1.5324e+01  -1.5233e+01  -4.0623e-01
  -1.8960e+01  -1.1669e+01  -4.4568e-01
  -2.1761e+01  -7.2331e+00  -4.8292e-01
  -2.3518e+01  -2.1219e+00  -5.1777e-01
  -2.4067e+01   3.4191e+00  -5.5005e-01
  -2.3304e+01   9.1045e+00  -5.7961e-01
  -2.1190e+01   1.4623e+01  -6.0630e-01
  -1.7763e+01   1.9655e+01  -6.2999e-01
  -1.3133e+01   2.3887e+01  -6.5055e-01
  -7.4880e+00   2.7031e+01  -6.6790e-01
  -1.0828e+00   2.8845e+01  -6.8194e-01
   5.7687e+00   2.9144e+01  -6.9260e-01
   1.2708e+01   2.7818e+01  -6.9983e-01
   1.9351e+01   2.4843e+01  -7.0359e-01
   2.5306e+01   2.0284e+01  -7.0387e-01
   3.0194e+01   1.4301e+01  -7.0066e-01
   3.3675e+01   7.1436e+00  -6.9399e-01
   3.5467e+01  -8.5860e-01  -6.8387e-01
   3.5366e+01  -9.3067e+00  -6.7037e-01
   3.3260e+01  -1.7753e+01  -6.5355e-01
   2.9145e+01  -2.5721e+01  -6.3350e-01
   2.3129e+01  -3.2734e+01  -6.1030e-01
   1.5433e+01  -3.8339e+01  -5.8408e-01
   6.3881e+00  -4.2133e+01  -5.5497e-01
  -3.5806e+00  -4.3791e+01  -5.2312e-01
  -1.3969e+01  -4.3090e+01  -4.8867e-01
  -2.4218e+01  -3.9922e+01  -4.5180e-01
  -3.3743e+01  -3.4316e+01  -4.1269e-01
  -4.1963e+01  -2.6436e+01  -3.7154e-01
  -4.8335e+01  -1.6586e+01  -3.2855e-01
  -5.2388e+01  -5.1986e+00  -2.8393e-01
  -5.3751e+01   7.1792e+00  -2.3791e-01
  -5.2182e+01   1.9912e+01  -1.9070e-01
  -4.7590e+01   3.2306e+01  -1.4256e-01
  -4.0046e+01   4.3643e+01  -9.3705e-02
  -2.9794e+01   5.3220e+01  -4.4388e-02
  -1.7244e+01   6.0389e+01   5.1485e-03
  -2.9619e+00   6.4601e+01   5.4660e-02
   1.2356e+01   6.5436e+01   1.0390e-01
   2.7911e+01   6.2640e+01   1.5263e-01
   4.2843e+01   5.6147e+01   2.0060e-01
   5.6274e+01   4.6096e+01   2.4757e-01
   6.7354e+01   3.2833e+01   2.9332e-01
   7.5318e+01   1.6907e+01   3.3762e-01
   7.9524e+01  -9.4864e-01   3.8025e-01
   7.9505e+01  -1.9848e+01   4.2099e-01
   7.5004e+01  -3.8792e+01   4.5965e-01
   6.5997e+01  -5.6718e+01   4.9603e-01
   5.2714e+01  -7.2553e+01   5.2995e-01
   3.5641e+01  -8.5279e+01   5.6125e-01
   1.5505e+01  -9.3989e+01   5.8977e-01
  -6.7493e+00  -9.7945e+01   6.1537e-01
  -3.0000e+01  -9.6633e+01   6.3792e-01
  -5.3000e+01  -8.9802e+01   6.5732e-01
  -7.4440e+01  -7.7499e+01   6.7345e-01
  -9.3018e+01  -6.0078e+01   6.8626e-01
  -1.0751e+02  -3.8206e+01   6.9566e-01
  -1.1686e+02  -1.2839e+01   7.0162e-01
  -1.2021e+02   1.4810e+01   7.0410e-01
  -1.1701e+02   4.3326e+01   7.0310e-01
  -1.0704e+02   7.1157e+01   6.9861e-01
  -9.0448e+01   9.6696e+01   6.9066e-01
  -6.7753e+01   1.1837e+02   6.7930e-01
  -3.9860e+01   1.3471e+02   6.6457e-01
  -8.0186e+00   1.4448e+02   6.4654e-01
   2.6222e+01   1.4672e+02   6.2532e-01
   6.1082e+01   1.4084e+02   6.0100e-01
   9.4640e+01   1.2669e+02   5.7370e-01
   1.2493e+02   1.0453e+02   5.4356e-01
   1.5004e+02   7.5140e+01   5.1073e-01
   1.6824e+02   3.9714e+01   4.7537e-01
   1.7808e+02  -1.2074e-01   4.3766e-01
   1.7851e+02  -4.2394e+01   3.9778e-01
   1.6891e+02  -8.4877e+01   3.5592e-01
   1.4920e+02  -1.2519e+02   3.1231e-01
   1.1988e+02  -1.6094e+02   2.6715e-01
   8.2010e+01  -1.8982e+02   2.2066e-01
   3.7188e+01  -2.0980e+02   1.7309e-01
  -1.2489e+01  -2.1920e+02   1.2465e-01
  -6.4524e+01  -2.1684e+02   7.5600e-02
  -1.1613e+02  -2.0213e+02   2.6173e-02
  -1.6439e+02  -1.7514e+02  -2.3383e-02
  -2.0637e+02  -1.3663e+02  -7.2823e-02
  -2.3932e+02  -8.8070e+01  -1.2190e-01
  -2.6085e+02  -3.1566e+01  -1.7038e-01
  -2.6902e+02   3.0189e+01  -2.1801e-01
  -2.6257e+02   9.4044e+01  -2.6456e-01
  -2.4096e+02   1.5653e+02  -3.0980e-01
  -2.0447e+02   2.1406e+02  -3.5351e-01
  -1.5424e+02   2.6308e+02  -3.9547e-01
  -9.2258e+01   3.0032e+02  -4.3547e-01
  -2.1282e+01   3.2295e+02  -4.7331e-01
   5.5246e+01   3.2880e+02  -5.0881e-01
   1.3336e+02   3.1652e+02  -5.4178e-01
   2.0876e+02   2.8567e+02  -5.7208e-01
   2.7704e+02   2.3687e+02  -5.9954e-01
   3.3393e+02   1.7174e+02  -6.2403e-01
   3.7551e+02   9.2951e+01  -6.4543e-01
   3.9851e+02   4.0958e+00  -6.6364e-01
   4.0050e+02  -9.0445e+01  -6.7856e-01
   3.8006e+02  -1.8570e+02  -6.9011e-01
   3.3698e+02  -2.7636e+02  -6.9825e-01
   2.7229e+02  -3.5703e+02  -7.0294e-01
   1.8829e+02  -4.2257e+02  -7.0414e-01
   8.8530e+01  -4.6835e+02  -7.0185e-01
  -2.2348e+01  -4.9059e+02  -6.9609e-01
  -1.3879e+02  -4.8659e+02  -6.8688e-01
  -2.5458e+02  -4.5496e+02  -6.7426e-01
  -3.6317e+02  -3.9578e+02  -6.5831e-01
  -4.5801e+02  -3.1070e+02  -6.3910e-01
  -5.3291e+02  -2.0289e+02  -6.1672e-01
  -5.8244e+02  -7.7047e+01  -5.9129e-01
  -6.0224e+02   6.0873e+01  -5.6293e-01
  -5.8938e+02   2.0385e+02  -5.3179e-01
  -5.4258e+02   3.4414e+02  -4.9801e-01
  -4.6239e+02   4.7370e+02  -4.6176e-01
  -3.5125e+02   5.8458e+02  -4.2322e-01
  -2.1353e+02   6.6938e+02  -3.8259e-01
  -5.5337e+01   7.2173e+02  -3.4007e-01
   1.1568e+02   7.3670e+02  -2.9586e-01
   2.9069e+02   7.1115e+02  -2.5019e-01
   4.6010e+02   6.4401e+02  -2.0327e-01
   6.1402e+02   5.3653e+02  -1.5535e-01
   7.4284e+02   3.9226e+02  -1.0666e-01
   8.3778e+02   2.1706e+02  -5.7443e-02
   8.9140e+02   1.8886e+01  -7.9409e-03
   8.9817e+02  -1.9252e+02   4.1601e-02
   8.5480e+02  -4.0607e+02   9.0937e-02
   7.6068e+02  -6.0990e+02   1.3982e-01
   6.1796e+02  -7.9192e+02   1.8801e-01
   4.3170e+02  -9.4057e+02   2.3528e-01
   2.0970e+02  -1.0454e+03   2.8137e-01
  -3.7745e+01  -1.0979e+03   3.2608e-01
  -2.9828e+02  -1.0918e+03   3.6916e-01
  -5.5804e+02  -1.0239e+03   4.1042e-01
  -8.0237e+02  -8.9422e+02   4.4965e-01
  -1.0166e+03  -7.0624e+02   4.8665e-01
  -1.1867e+03  -4.6698e+02   5.2124e-01
  -1.3006e+03  -1.8672e+02   5.5325e-01
  -1.3483e+03   1.2126e+02   5.8252e-01
  -1.3231e+03   4.4136e+02   6.0890e-01
  -1.2218e+03   7.5629e+02   6.3227e-01
  -1.0456e+03   1.0480e+03   6.5251e-01
  -7.9980e+02   1.2987e+03   6.6951e-01
  -4.9385e+02   1.4918e+03   6.8320e-01
  -1.4133e+02   1.6128e+03   6.9351e-01
   2.4081e+02   1.6505e+03   7.0038e-01
   6.3287e+02   1.5976e+03   7.0378e-01
   1.0134e+03   1.4516e+03   7.0370e-01
   1.3603e+03   1.2150e+03   7.0013e-01
   1.6520e+03   8.9547e+02   6.9310e-01
   1.8686e+03   5.0594e+02   6.8263e-01
   1.9934e+03   6.4026e+01   6.6878e-01
   2.0137e+03  -4.0864e+02   6.5162e-01
   1.9220e+03  -8.8735e+02   6.3123e-01
   1.7165e+03  -1.3455e+03   6.0772e-01
   1.4018e+03  -1.7562e+03   5.8119e-01
   9.8881e+02  -2.0932e+03   5.5179e-01
   4.9486e+02  -2.3332e+03   5.1965e-01
  -5.7291e+01  -2.4566e+03   4.8495e-01
  -6.4015e+02  -2.4494e+03   4.4784e-01
  -1.2228e+03  -2.3039e+03   4.0851e-01
  -1.7725e+03  -2.0199e+03   3.6716e-01
  -2.2562e+03  -1.6047e+03   3.2399e-01
  -2.6427e+03  -1.0737e+03   2.7921e-01
  -2.9042e+03  -4.4972e+02   2.3305e-01
  -3.0184e+03   2.3795e+02   1.8574e-01
  -2.9699e+03   9.5450e+02   1.3751e-01
  -2.7512e+03   1.6614e+03   8.8600e-02
  -2.3643e+03   2.3182e+03   3.9249e-02
  -1.8206e+03   2.8850e+03  -1.0297e-02
  -1.1411e+03   3.3243e+03  -5.9791e-02
  -3.5558e+02   3.6035e+03  -1.0899e-01
   4.9818e+02   3.6972e+03  -1.5765e-01
   1.3764e+03   3.5886e+03  -2.0553e-01
   2.2311e+03   3.2714e+03  -2.5239e-01
   3.0128e+03   2.7507e+03  -2.9800e-01
   3.6730e+03   2.0432e+03  -3.4213e-01
   4.1671e+03   1.1774e+03  -3.8457e-01
   4.4571e+03   1.9202e+02  -4.2511e-01
   4.5141e+03  -8.6465e+02  -4.6353e-01
   4.3207e+03  -1.9376e+03  -4.9967e-01
   3.8723e+03  -2.9674e+03  -5.3333e-01
   3.1785e+03  -3.8936e+03  -5.6435e-01
   2.2631e+03  -4.6576e+03  -5.9257e-01
   1.1642e+03  -5.2064e+03  -6.1786e-01
  -6.7669e+01  -5.4961e+03  -6.4009e-01
  -1.3715e+03  -5.4943e+03  -6.5915e-01
  -2.6782e+03  -5.1832e+03  -6.7494e-01
  -3.9146e+03  -4.5614e+03  -6.8739e-01
  -5.0067e+03  -3.6447e+03  -6.9644e-01
  -5.8841e+03  -2.4666e+03  -7.0204e-01
  -6.4845e+03  -1.0774e+03  -7.0416e-01
  -6.7568e+03   4.5787e+02  -7.0279e-01
  -6.6658e+03   2.0617e+03  -6.9794e-01
  -6.1941e+03   3.6481e+03  -6.8964e-01
  -5.3449e+03   5.1267e+03  -6.7792e-01
  -4.1428e+03   6.4077e+03  -6.6285e-01
  -2.6337e+03   7.4069e+03  -6.4449e-01
  -8.8373e+02   8.0508e+03  -6.2294e-01
   1.0235e+03   8.2812e+03  -5.9830e-01
   2.9903e+03   8.0599e+03  -5.7070e-01
   4.9097e+03   7.3716e+03  -5.4028e-01
   6.6709e+03   6.2261e+03  -5.0717e-01
   8.1649e+03   4.6600e+03  -4.7156e-01
   9.2913e+03   2.7355e+03  -4.3361e-01
   9.9641e+03   5.3879e+02  -3.9352e-01
   1.0118e+04  -1.8232e+03  -3.5147e-01
   9.7114e+03  -4.2277e+03  -3.0769e-01
   8.7338e+03  -6.5421e+03  -2.6238e-01
   7.2047e+03  -8.6306e+03  -2.1577e-01
   5.1763e+03  -1.0362e+04  -1.6809e-01
   2.7320e+03  -1.1616e+04  -1.1958e-01
  -1.6256e+01  -1.2294e+04  -7.0479e-02
  -2.9324e+03  -1.2322e+04  -2.1028e-02
  -5.8628e+03  -1.1659e+04   2.8528e-02
  -8.6433e+03  -1.0298e+04   7.7942e-02
  -1.1108e+04  -8.2750e+03   1.2697e-01
  -1.3100e+04  -5.6616e+03   1.7537e-01
  -1.4477e+04  -2.5692e+03   2.2290e-01
  -1.5124e+04   8.5789e+02   2.6933e-01
  -1.4959e+04   4.4473e+03   3.1442e-01
  -1.3943e+04   8.0070e+03   3.5795e-01
  -1.2080e+04   1.1335e+04   3.9972e-01
  -9.4231e+03   1.4230e+04   4.3950e-01
  -6.0725e+03   1.6501e+04   4.7711e-01
  -2.1743e+03   1.7985e+04   5.1235e-01
   2.0857e+03   1.8547e+04   5.4506e-01
   6.4902e+03   1.8100e+04   5.7506e-01
   1.0800e+04   1.6608e+04   6.0222e-01
   1.4767e+04   1.4089e+04   6.2640e-01
   1.8147e+04   1.0623e+04   6.4747e-01
   2.0714e+04   6.3463e+03   6.6534e-01
   2.2273e+04   1.4497e+03   6.7991e-01
   2.2674e+04  -3.8294e+03   6.9112e-01
   2.1825e+04  -9.2173e+03   6.9890e-01
   1.9695e+04  -1.4418e+04   7.0322e-01
   1.6326e+04  -1.9126e+04   7.0406e-01
   1.1832e+04  -2.3048e+04   7.0141e-01
   1.1832e+04  -2.3048e+04   7.0141e-01
   1.1832e+04  -2.3048e+04   7.0141e-01
   1.1832e+04  -2.3048e+04   7.0141e-01
   1.1832e+04  -2.3048e+04   7.0141e-01
   1.1832e+04  -2.3048e+04   7.0141e-01
   1.1832e+04  -2.3048e+04   7.0141e-01
   1.1832e+04  -2.3048e+04   7.0141e-01
   1.1832e+04  -2.3048e+04   7.0141e-01
   1.1832e+04  -2.3048e+04   7.0141e-01
   1.1832e+04  -2.3048e+04   7.0141e-01
   1.1832e+04  -2.3048e+04   7.0141e-01
   1.1832e+04  -2.3048e+04   7.0141e-01
   1.1832e+04  -2.3048e+04   7.0141e-01
   1.1832e+04  -2.3048e+04   7.0141e-01
   1.1832e+04  -2.3048e+04   7.0141e-01
   1.1832e+04  -2.3048e+04   7.0141e-01
   1.1832e+04  -2.3048e+04   7.0141e-01
   1.1832e+04  -2.3048e+04   7.0141e-01
   1.1832e+04  -2.3048e+04   7.0141e-01
   1.1832e+04  -2.3048e+04   7.0141e-01
   1.1832e+04  -2.3048e+04   7.0141e-01
   1.1832e+04  -2.3048e+04   7.0141e-01
   1.1832e+04  -2.3048e+04   7.0141e-01
   1.1832e+04  -2.3048e+04   7.0141e-01
   1.1832e+04  -2.3048e+04   7.0141e-01
   1.1832e+04  -2.3048e+04   7.0141e-01
   1.1832e+04  -2.3048e+04   7.0141e-01
   1.1832e+04  -2.3048e+04   7.0141e-01
   1.1832e+04  -2.3048e+04   7.0141e-01
   1.1832e+04  -2.3048e+04   7.0141e-01
   1.1832e+04  -2.3048e+04   7.0141e-01
   1.1832e+04  -2.3048e+04   7.0141e-01
   1.1832e+04  -2.3048e+04   7.0141e-01
   1.1832e+04  -2.3048e+04   7.0141e-01
   1.1832e+04  -2.3048e+04   7.0141e-01
   1.1832e+04  -2.3048e+04   7.0141e-01
   1.1832e+04  -2.3048e+04   7.0141e-01
   1.1832e+04  -2.3048e+04   7.0141e-01
   1.1832e+04  -2.3048e+04   7.0141e-01
   1.1832e+04  -2.3048e+04   7.0141e-01
   1.1832e+04  -2.3048e+04   7.0141e-01
   1.1832e+04  -2.3048e+04   7.0141e-01
   1.1832e+04  -2.3048e+04   7.0141e-01
   1.1832e+04  -2.3048e+04   7.0141e-01
   1.1832e+04  -2.3048e+04   7.0141e-01
   1.1832e+04  -2.3048e+04   7.0141e-01
   1.1832e+04  -2.3048e+04   7.0141e-01
   1.1832e+04  -2.3048e+04   7.0141e-01
   1.1832e+04  -2.3048e+04   7.0141e-01
   1.1832e+04  -2.3048e+04   7.0141e-01
   1.1832e+04  -2.3048e+04   7.0141e-01
   1.1832e+04  -2.3048e+04   7.0141e-01
   1.1832e+04  -2.3048e+04   7.0141e-01
   1.1832e+04  -2.3048e+04   7.0141e-01
   1.1832e+04  -2.3048e+04   7.0141e-01
   1.1832e+04  -2.3048e+04   7.0141e-01
   1.1832e+04  -2.3048e+04   7.0141e-01
   1.1832e+04  -2.3048e+04   7.0141e-01
   1.1832e+04  -2.3048e+04   7.0141e-01
   1.1832e+04  -2.3048e+04   7.0141e-01
   1.1832e+04  -2.3048e+04   7.0141e-01
   1.1832e+04  -2.3048e+04   7.0141e-01
   1.1832e+04  -2.3048e+04   7.0141e-01
   1.1832e+04  -2.3048e+04   7.0141e-01
   1.1832e+04  -2.3048e+04   7.0141e-01
   1.1832e+04  -2.3048e+04   7.0141e-01
   1.1832e+04  -2.3048e+04   7.0141e-01
   1.1832e+04  -2.3048e+04   7.0141e-01
   1.1832e+04  -2.3048e+04   7.0141e-01
   1.1832e+04  -2.3048e+04   7.0141e-01
   1.1832e+04  -2.3048e+04   7.0141e-01
   1.1832e+04  -2.3048e+04   7.0141e-01
   1.1832e+04  -2.3048e+04   7.0141e-01
   1.1832e+04  -2.3048e+04   7.0141e-01
   1.1832e+04  -2.3048e+04   7.0141e-01
   1.1832e+04  -2.3048e+04   7.0141e-01
   1.1832e+04  -2.3048e+04   7.0141e-01
   1.1832e+04  -2.3048e+04   7.0141e-01
   1.1832e+04  -2.3048e+04   7.0141e-01
   1.1832e+04  -2.3048e+04   7.0141e-01
   1.1832e+04  -2.3048e+04   7.0141e-01
   1.1832e+04  -2.3048e+04   7.0141e-01
   1.1832e+04  -2.3048e+04   7.0141e-01
   1.1832e+04  -2.3048e+04   7.0141e-01
   1.1832e+04  -2.3048e+04   7.0141e-01
   1.1832e+04  -2.3048e+04   7.0141e-01
   1.1832e+04  -2.3048e+04   7.0141e-01
   1.1832e+04  -2.3048e+04   7.0141e-01
   1.1832e+04  -2.3048e+04   7.0141e-01
   1.1832e+04  -2.3048e+04   7.0141e-01
   1.1832e+04  -2.3048e+04   7.0141e-01
   1.1832e+04  -2.3048e+04   7.0141e-01
   1.1832e+04  -2.3048e+04   7.0141e-01
   1.1832e+04  -2.3048e+04   7.0141e-01
   1.1832e+04  -2.3048e+04   7.0141e-01
   1.1832e+04  -2.3048e+04   7.0141e-01
   1.1832e+04  -2.3048e+04   7.0141e-01
   1.1832e+04  -2.3048e+04   7.0141e-01
   1.1832e+04  -2.3048e+04   7.0141e-01
   1.1832e+04  -2.3048e+04   7.0141e-01
   1.1832e+04  -2.3048e+04   7.0141e-01
   1.1832e+04  -2.3048e+04   7.0141e-01
   1.1832e+04  -2.3048e+04   7.0141e-01
   1.1832e+04  -2.3048e+04   7.0141e-01
   1.1832e+04  -2.3048e+04   7.0141e-01
   1.1832e+04  -2.3048e+04   7.0141e-01
   1.1832e+04  -2.3048e+04   7.0141e-01
   1.1832e+04  -2.3048e+04   7.0141e-01
   1.1832e+04  -2.3048e+04   7.0141e-01
   1.1832e+04  -2.3048e+04   7.0141e-01
   1.1832e+04  -2.3048e+04   7.0141e-01
   1.1832e+04  -2.3048e+04   7.0141e-01
   1.1832e+04  -2.3048e+04   7.0141e-01
   1.1832e+04  -2.3048e+04   7.0141e-01
   1.1832e+04  -2.3048e+04   7.0141e-01
   1.1832e+04  -2.3048e+04   7.0141e-01
   1.1832e+04  -2.3048e+04   7.0141e-01
   1.1832e+04  -2.3048e+04   7.0141e-01
   1.1832e+04  -2.3048e+04   7.0141e-01
   1.1832e+04  -2.3048e+04   7.0141e-01
   1.1832e+04  -2.3048e+04   7.0141e-01
   1.1832e+04  -2.3048e+04   7.0141e-01
   1.1832e+04  -2.3048e+04   7.0141e-01
   1.1832e+04  -2.3048e+04   7.0141e-01
   1.1832e+04  -2.3048e+04   7.0141e-01
   1.1832e+04  -2.3048e+04   7.0141e-01
   1.1832e+04  -2.3048e+04   7.0141e-01
   1.1832e+04  -2.3048e+04   7.0141e-01
   1.1832e+04  -2.3048e+04   7.0141e-01
   1.1832e+04  -2.3048e+04   7.0141e-01
   1.1832e+04  -2.3048e+04   7.0141e-01
   1.1832e+04  -2.3048e+04   7.0141e-01
   1.1832e+04  -2.3048e+04   7.0141e-01
   1.1832e+04  -2.3048e+04   7.0141e-01
   1.1832e+04  -2.3048e+04   7.0141e-01
   1.1832e+04  -2.3048e+04   7.0141e-01
   1.1832e+04  -2.3048e+04   7.0141e-01
   1.1832e+04  -2.3048e+04   7.0141e-01
   1.1832e+04  -2.3048e+04   7.0141e-01
   1.1832e+04  -2.3048e+04   7.0141e-01
   1.1832e+04  -2.3048e+04   7.0141e-01
   1.1832e+04  -2.3048e+04   7.0141e-01
   1.1832e+04  -2.3048e+04   7.0141e-01
   1.1832e+04  -2.3048e+04   7.0141e-01
   1.1832e+04  -2.3048e+04   7.0141e-01
   1.1832e+04  -2.3048e+04   7.0141e-01
   1.1832e+04  -2.3048e+04   7.0141e-01
   1.1832e+04  -2.3048e+04   7.0141e-01
   1.1832e+04  -2.3048e+04   7.0141e-01
   1.1832e+04  -2.3048e+04   7.0141e-01
   1.1832e+04  -2.3048e+04   7.0141e-01
   1.1832e+04  -2.3048e+04   7.0141e-01
   1.1832e+04  -2.3048e+04   7.0141e-01
   1.1832e+04  -2.3048e+04   7.0141e-01
   1.1832e+04  -2.3048e+04   7.0141e-01
   1.1832e+04  -2.3048e+04   7.0141e-01
   1.1832e+04  -2.3048e+04   7.0141e-01
   1.1832e+04  -2.3048e+04   7.0141e-01
   1.1832e+04  -2.3048e+04   7.0141e-01
   1.1832e+04  -2.3048e+04   7.0141e-01
   1.1832e+04  -2.3048e+04   7.0141e-01
   1.1832e+04  -2.3048e+04   7.0141e-01
   1.1832e+04  -2.3048e+04   7.0141e-01
   1.1832e+04  -2.3048e+04   7.0141e-01
   1.1832e+04  -2.3048e+04   7.0141e-01
   1.1832e+04  -2.3048e+04   7.0141e-01
   1.1832e+04  -2.3048e+04   7.0141e-01
   1.1832e+04  -2.3048e+04   7.0141e-01
   1.1832e+04  -2.3048e+04   7.0141e-01
   1.1832e+04  -2.3048e+04   7.0141e-01
   1.1832e+04  -2.3048e+04   7.0141e-01
   1.1832e+04  -2.3048e+04   7.0141e-01
   1.1832e+04  -2.3048e+04   7.0141e-01
   1.1832e+04  -2.3048e+04   7.0141e-01
   1.1832e+04  -2.3048e+04   7.0141e-01
   1.1832e+04  -2.3048e+04   7.0141e-01
   1.1832e+04  -2.3048e+04   7.0141e-01
   1.1832e+04  -2.3048e+04   7.0141e-01
   1.1832e+04  -2.3048e+04   7.0141e-01
   1.1832e+04  -2.3048e+04   7.0141e-01
   1.1832e+04  -2.3048e+04   7.0141e-01
   1.1832e+04  -2.3048e+04   7.0141e-01
   1.1832e+04  -2.3048e+04   7.0141e-01
   1.1832e+04  -2.3048e+04   7.0141e-01
   1.1832e+04  -2.3048e+04   7.0141e-01
   1.1832e+04  -2.3048e+04   7.0141e-01
   1.1832e+04  -2.3048e+04   7.0141e-01
   1.1832e+04  -2.3048e+04   7.0141e-01
   1.1832e+04  -2.3048e+04   7.0141e-01
   1.1832e+04  -2.3048e+04   7.0141e-01
   1.1832e+04  -2.3048e+04   7.0141e-01
   1.1832e+04  -2.3048e+04   7.0141e-01
   1.1832e+04  -2.3048e+04   7.0141e-01
   1.1832e+04  -2.3048e+04   7.0141e-01
   1.1832e+04  -2.3048e+04   7.0141e-01
   1.1832e+04  -2.3048e+04   7.0141e-01
   1.1832e+04  -2.3048e+04   7.0141e-01
   1.1832e+04  -2.3048e+04   7.0141e-01
   1.1832e+04  -2.3048e+04   7.0141e-01
   1.1832e+04  -2.3048e+04   7.0141e-01
   1.1832e+04  -2.3048e+04   7.0141e-01
   1.1832e+04  -2.3048e+04   7.0141e-01
   1.1832e+04  -2.3048e+04   7.0141e-01
   1.1832e+04  -2.3048e+04   7.0141e-01
   1.1832e+04  -2.3048e+04   7.0141e-01
   1.1832e+04  -2.3048e+04   7.0141e-01
   1.1832e+04  -2.3048e+04   7.0141e-01
   1.1832e+04  -2.3048e+04   7.0141e-01
   1.1832e+04  -2.3048e+04   7.0141e-01
   1.1832e+04  -2.3048e+04   7.0141e-01
   1.1832e+04  -2.3048e+04   7.0141e-01
   1.1832e+04  -2.3048e+04   7.0141e-01
   1.1832e+04  -2.3048e+04   7.0141e-01
   1.1832e+04  -2.3048e+04   7.0141e-01
   1.1832e+04  -2.3048e+04   7.0141e-01
   1.1832e+04  -2.3048e+04   7.0141e-01
   1.1832e+04  -2.3048e+04   7.0141e-01
   1.1832e+04  -2.3048e+04   7.0141e-01
   1.1832e+04  -2.3048e+04   7.0141e-01
   1.1832e+04  -2.3048e+04   7.0141e-01
   1.1832e+04  -2.3048e+04   7.0141e-01
   1.1832e+04  -2.3048e+04   7.0141e-01
   1.1832e+04  -2.3048e+04   7.0141e-01
   1.1832e+04  -2.3048e+04   7.0141e-01
   1.1832e+04  -2.3048e+04   7.0141e-01
   1.1832e+04  -2.3048e+04   7.0141e-01
   1.1832e+04  -2.3048e+04   7.0141e-01
   1.1832e+04  -2.3048e+04   7.0141e-01
   1.1832e+04  -2.3048e+04   7.0141e-01
   1.1832e+04  -2.3048e+04   7.0141e-01
   1.1832e+04  -2.3048e+04   7.0141e-01
   1.1832e+04  -2.3048e+04   7.0141e-01
   1.1832e+04  -2.3048e+04   7.0141e-01
   1.1832e+04  -2.3048e+04   7.0141e-01
   1.1832e+04  -2.3048e+04   7.0141e-01
   1.1832e+04  -2.3048e+04   7.0141e-01
   1.1832e+04  -2.3048e+04   7.0141e-01
   1.1832e+04  -2.3048e+04   7.0141e-01
   1.1832e+04  -2.3048e+04   7.0141e-01
   1.1832e+04  -2.3048e+04   7.0141e-01
   1.1832e+04  -2.3048e+04   7.0141e-01
   1.1832e+04  -2.3048e+04   7.0141e-01
   1.1832e+04  -2.3048e+04   7.0141e-01
   1.1832e+04  -2.3048e+04   7.0141e-01
   1.1832e+04  -2.3048e+04   7.0141e-01
   1.1832e+04  -2.3048e+04   7.0141e-01
   1.1832e+04  -2.3048e+04   7.0141e-01
   1.1832e+04  -2.3048e+04   7.0141e-01
   1.1832e+04  -2.3048e+04   7.0141e-01
   1.1832e+04  -2.3048e+04   7.0141e-01
   1.1832e+04  -2.3048e+04   7.0141e-01
   1.1832e+04  -2.3048e+04   7.0141e-01
   1.1832e+04  -2.3048e+04   7.0141e-01
   1.1832e+04  -2.3048e+04   7.0141e-01
   1.1832e+04  -2.3048e+04   7.0141e-01
   1.1832e+04  -2.3048e+04   7.0141e-01
   1.1832e+04  -2.3048e+04   7.0141e-01
   1.1832e+04  -2.3048e+04   7.0141e-01
   1.1832e+04  -2.3048e+04   7.0141e-01
   1.1832e+04  -2.3048e+04   7.0141e-01
   1.1832e+04  -2.3048e+04   7.0141e-01
   1.1832e+04  -2.3048e+04   7.0141e-01
   1.1832e+04  -2.3048e+04   7.0141e-01
   1.1832e+04  -2.3048e+04   7.0141e-01
   1.1832e+04  -2.3048e+04   7.0141e-01
   1.1832e+04  -2.3048e+04   7.0141e-01
   1.1832e+04  -2.3048e+04   7.0141e-01
   1.1832e+04  -2.3048e+04   7.0141e-01
   1.1832e+04  -2.3048e+04   7.0141e-01
   1.1832e+04  -2.3048e+04   7.0141e-01
   1.1832e+04  -2.3048e+04   7.0141e-01
   1.1832e+04  -2.3048e+04   7.0141e-01
   1.1832e+04  -2.3048e+04   7.0141e-01
   1.1832e+04  -2.3048e+04   7.0141e-01
   1.1832e+04  -2.3048e+04   7.0141e-01
   1.1832e+04  -2.3048e+04   7.0141e-01
   1.1832e+04  -2.3048e+04   7.0141e-01
   1.1832e+04  -2.3048e+04   7.0141e-01
   1.1832e+04  -2.3048e+04   7.0141e-01
   1.1832e+04  -2.3048e+04   7.0141e-01
   1.1832e+04  -2.3048e+04   7.0141e-01
   1.1832e+04  -2.3048e+04   7.0141e-01
   1.1832e+04  -2.3048e+04   7.0141e-01
   1.1832e+04  -2.3048e+04   7.0141e-01
   1.1832e+04  -2.3048e+04   7.0141e-01
   1.1832e+04  -2.3048e+04   7.0141e-01
   1.1832e+04  -2.3048e+04   7.0141e-01
   1.1832e+04  -2.3048e+04   7.0141e-01
   1.1832e+04  -2.3048e+04   7.0141e-01
   1.1832e+04  -2.3048e+04   7.0141e-01
   1.1832e+04  -2.3048e+04   7.0141e-01
   1.1832e+04  -2.3048e+04   7.0141e-01
   1.1832e+04  -2.3048e+04   7.0141e-01
   1.1832e+04  -2.3048e+04   7.0141e-01
   1.1832e+04  -2.3048e+04   7.0141e-01
   1.1832e+04  -2.3048e+04   7.0141e-01
   1.1832e+04  -2.3048e+04   7.0141e-01
   1.1832e+04  -2.3048e+04   7.0141e-01
   1.1832e+04  -2.3048e+04   7.0141e-01
   1.1832e+04  -2.3048e+04   7.0141e-01
   1.1832e+04  -2.3048e+04   7.0141e-01
   1.1832e+04  -2.3048e+04   7.0141e-01
   1.1832e+04  -2.3048e+04   7.0141e-01
   1.1832e+04  -2.3048e+04   7.0141e-01
   1.1832e+04  -2.3048e+04   7.0141e-01
   1.1832e+04  -2.3048e+04   7.0141e-01
   1.1832e+04  -2.3048e+04   7.0141e-01
   1.1832e+04  -2.3048e+04   7.0141e-01
   1.1832e+04  -2.3048e+04   7.0141e-01
   1.1832e+04  -2.3048e+04   7.0141e-01
   1.1832e+04  -2.3048e+04   7.0141e-01
   1.1832e+04  -2.3048e+04   7.0141e-01
   1.1832e+04  -2.3048e+04   7.0141e-01
   1.1832e+04  -2.3048e+04   7.0141e-01
   1.1832e+04  -2.3048e+04   7.0141e-01
   1.1832e+04  -2.3048e+04   7.0141e-01
   1.1832e+04  -2.3048e+04   7.0141e-01
   1.1832e+04  -2.3048e+04   7.0141e-01
   1.1832e+04  -2.3048e+04   7.0141e-01
   1.1832e+04  -2.3048e+04   7.0141e-01
   1.1832e+04  -2.3048e+04   7.0141e-01
   1.1832e+04  -2.3048e+04   7.0141e-01
   1.1832e+04  -2.3048e+04   7.0141e-01
   1.1832e+04  -2.3048e+04   7.0141e-01
   1.1832e+04  -2.3048e+04   7.0141e-01
   1.1832e+04  -2.3048e+04   7.0141e-01
   1.1832e+04  -2.3048e+04   7.0141e-01
   1.1832e+04  -2.3048e+04   7.0141e-01
   1.1832e+04  -2.3048e+04   7.0141e-01
   1.1832e+04  -2.3048e+04   7.0141e-01
   1.1832e+04  -2.3048e+04   7.0141e-01
   1.1832e+04  -2.3048e+04   7.0141e-01
   1.1832e+04  -2.3048e+04   7.0141e-01
   1.1832e+04  -2.3048e+04   7.0141e-01
   1.1832e+04  -2.3048e+04   7.0141e-01
   1.1832e+04  -2.3048e+04   7.0141e-01
   1.1832e+04  -2.3048e+04   7.0141e-01
   1.1832e+04  -2.3048e+04   7.0141e-01
   1.1832e+04  -2.3048e+04   7.0141e-01
   1.1832e+04  -2.3048e+04   7.0141e-01
   1.1832e+04  -2.3048e+04   7.0141e-01
   1.1832e+04  -2.3048e+04   7.0141e-01
   1.1832e+04  -2.3048e+04   7.0141e-01
   1.1832e+04  -2.3048e+04   7.0141e-01
   1.1832e+04  -2.3048e+04   7.0141e-01
   1.1832e+04  -2.3048e+04   7.0141e-01
   1.1832e+04  -2.3048e+04   7.0141e-01
   1.1832e+04  -2.3048e+04   7.0141e-01
   1.1832e+04  -2.3048e+04   7.0141e-01
   1.1832e+04  -2.3048e+04   7.0141e-01
   1.1832e+04  -2.3048e+04   7.0141e-01
   1.1832e+04  -2.3048e+04   7.0141e-01
   1.1832e+04  -2.3048e+04   7.0141e-01
   1.1832e+04  -2.3048e+04   7.0141e-01
   1.1832e+04  -2.3048e+04   7.0141e-01
   1.1832e+04  -2.3048e+04   7.0141e-01
   1.1832e+04  -2.3048e+04   7.0141e-01
   1.1832e+04  -2.3048e+04   7.0141e-01
   1.1832e+04  -2.3048e+04   7.0141e-01
   1.1832e+04  -2.3048e+04   7.0141e-01
   1.1832e+04  -2.3048e+04   7.0141e-01
   1.1832e+04  -2.3048e+04   7.0141e-01
   1.1832e+04  -2.3048e+04   7.0141e-01
   1.1832e+04  -2.3048e+04   7.0141e-01
   1.1832e+04  -2.3048e+04   7.0141e-01
   1.1832e+04  -2.3048e+04   7.0141e-01
   1.1832e+04  -2.3048e+04   7.0141e-01
   1.1832e+04  -2.3048e+04   7.0141e-01
   1.1832e+04  -2.3048e+04   7.0141e-01
   1.1832e+04  -2.3048e+04   7.0141e-01
   1.1832e+04  -2.3048e+04   7.0141e-01
   1.1832e+04  -2.3048e+04   7.0141e-01
   1.1832e+04  -2.3048e+04   7.0141e-01
   1.1832e+04  -2.3048e+04   7.0141e-01
   1.1832e+04  -2.3048e+04   7.0141e-01
   1.1832e+04  -2.3048e+04   7.0141e-01
   1.1832e+04  -2.3048e+04   7.0141e-01
   1.1832e+04  -2.3048e+04   7.0141e-01
   1.1832e+04  -2.3048e+04   7.0141e-01
   1.1832e+04  -2.3048e+04   7.0141e-01
   1.1832e+04  -2.3048e+04   7.0141e-01
   1.1832e+04  -2.3048e+04   7.0141e-01
   1.1832e+04  -2.3048e+04   7.0141e-01
   1.1832e+04  -2.3048e+04   7.0141e-01
   1.1832e+04  -2.3048e+04   7.0141e-01
   1.1832e+04  -2.3048e+04   7.0141e-01
   1.1832e+04  -2.3048e+04   7.0141e-01
   1.1832e+04  -2.3048e+04   7.0141e-01
   1.1832e+04  -2.3048e+04   7.0141e-01
   1.1832e+04  -2.3048e+04   7.0141e-01
   1.1832e+04  -2.3048e+04   7.0141e-01
   1.1832e+04  -2.3048e+04   7.0141e-01
   1.1832e+04  -2.3048e+04   7.0141e-01
   1.1832e+04  -2.3048e+04   7.0141e-01
   1.1832e+04  -2.3048e+04   7.0141e-01
   1.1832e+04  -2.3048e+04   7.0141e-01
   1.1832e+04  -2.3048e+04   7.0141e-01
   1.1832e+04  -2.3048e+04   7.0141e-01
   1.1832e+04  -2.3048e+04   7.0141e-01
   1.1832e+04  -2.3048e+04   7.0141e-01
   1.1832e+04  -2.3048e+04   7.0141e-01
   1.1832e+04  -2.3048e+04   7.0141e-01
   1.1832e+04  -2.3048e+04   7.0141e-01
   1.1832e+04  -2.3048e+04   7.0141e-01
   1.1832e+04  -2.3048e+04   7.0141e-01
   1.1832e+04  -2.3048e+04   7.0141e-01
   1.1832e+04  -2.3048e+04   7.0141e-01
   1.1832e+04  -2.3048e+04   7.0141e-01
   1.1832e+04  -2.3048e+04   7.0141e-01
   1.1832e+04  -2.3048e+04   7.0141e-01
   1.1832e+04  -2.3048e+04   7.0141e-01
   1.1832e+04  -2.3048e+04   7.0141e-01
   1.1832e+04  -2.3048e+04   7.0141e-01
   1.1832e+04  -2.3048e+04   7.0141e-01
   1.1832e+04  -2.3048e+04   7.0141e-01
   1.1832e+04  -2.3048e+04   7.0141e-01
   1.1832e+04  -2.3048e+04   7.0141e-01
   1.1832e+04  -2.3048e+04   7.0141e-01
   1.1832e+04  -2.3048e+04   7.0141e-01
   1.1832e+04  -2.3048e+04   7.0141e-01
   1.1832e+04  -2.3048e+04   7.0141e-01
   1.1832e+04  -2.3048e+04   7.0141e-01
   1.1832e+04  -2.3048e+04   7.0141e-01
   1.1832e+04  -2.3048e+04   7.0141e-01
   1.1832e+04  -2.3048e+04   7.0141e-01
   1.1832e+04  -2.3048e+04   7.0141e-01
   1.1832e+04  -2.3048e+04   7.0141e-01
   1.1832e+04  -2.3048e+04   7.0141e-01
   1.1832e+04  -2.3048e+04   7.0141e-01
   1.1832e+04  -2.3048e+04   7.0141e-01
   1.1832e+04  -2.3048e+04   7.0141e-01
   1.1832e+04  -2.3048e+04   7.0141e-01
   1.1832e+04  -2.3048e+04   7.0141e-01
   1.1832e+04  -2.3048e+04   7.0141e-01
   1.1832e+04  -2.3048e+04   7.0141e-01
   1.1832e+04  -2.3048e+04   7.0141e-01
   1.1832e+04  -2.3048e+04   7.0141e-01
   1.1832e+04  -2.3048e+04   7.0141e-01
   1.1832e+04  -2.3048e+04   7.0141e-01
   1.1832e+04  -2.3048e+04   7.0141e-01
   1.1832e+04  -2.3048e+04   7.0141e-01
   1.1832e+04  -2.3048e+04   7.0141e-01
   1.1832e+04  -2.3048e+04   7.0141e-01
   1.1832e+04  -2.3048e+04   7.0141e-01
   1.1832e+04  -2.3048e+04   7.0141e-01
   1.1832e+04  -2.3048e+04   7.0141e-01
   1.1832e+04  -2.3048e+04   7.0141e-01
   1.1832e+04  -2.3048e+04   7.0141e-01
   1.1832e+04  -2.3048e+04   7.0141e-01
   1.1832e+04  -2.3048e+04   7.0141e-01
   1.1832e+04  -2.3048e+04   7.0141e-01
   1.1832e+04  -2.3048e+04   7.0141e-01
   1.1832e+04  -2.3048e+04   7.0141e-01
   1.1832e+04  -2.3048e+04   7.0141e-01
   1.1832e+04  -2.3048e+04   7.0141e-01
   1.1832e+04  -2.3048e+04   7.0141e-01
   1.1832e+04  -2.3048e+04   7.0141e-01
   1.1832e+04  -2.3048e+04   7.0141e-01
   1.1832e+04  -2.3048e+04   7.0141e-01
   1.1832e+04  -2.3048e+04   7.0141e-01
   1.1832e+04  -2.3048e+04   7.0141e-01
   1.1832e+04  -2.3048e+04   7.0141e-01
   1.1832e+04  -2.3048e+04   7.0141e-01
   1.1832e+04  -2.3048e+04   7.0141e-01
   1.1832e+04  -2.3048e+04   7.0141e-01
   1.1832e+04  -2.3048e+04   7.0141e-01
   1.1832e+04  -2.3048e+04   7.0141e-01
   1.1832e+04  -2.3048e+04   7.0141e-01
   1.1832e+04  -2.3048e+04   7.0141e-01
   1.1832e+04  -2.3048e+04   7.0141e-01
   1.1832e+04  -2.3048e+04   7.0141e-01
   1.1832e+04  -2.3048e+04   7.0141e-01
   1.1832e+04  -2.3048e+04   7.0141e-01
   1.1832e+04  -2.3048e+04   7.0141e-01
   1.1832e+04  -2.3048e+04   7.0141e-01
   1.1832e+04  -2.3048e+04   7.0141e-01
   1.1832e+04  -2.3048e+04   7.0141e-01
   1.1832e+04  -2.3048e+04   7.0141e-01
   1.1832e+04  -2.3048e+04   7.0141e-01
   1.1832e+04  -2.3048e+04   7.0141e-01
   1.1832e+04  -2.3048e+04   7.0141e-01
   1.1832e+04  -2.3048e+04   7.0141e-01
   1.1832e+04  -2.3048e+04   7.0141e-01
   1.1832e+04  -2.3048e+04   7.0141e-01
   1.1832e+04  -2.3048e+04   7.0141e-01
   1.1832e+04  -2.3048e+04   7.0141e-01
   1.1832e+04  -2.3048e+04   7.0141e-01
   1.1832e+04  -2.3048e+04   7.0141e-01
   1.1832e+04  -2.3048e+04   7.0141e-01
   1.1832e+04  -2.3048e+04   7.0141e-01
   1.1832e+04  -2.3048e+04   7.0141e-01
   1.1832e+04  -2.3048e+04   7.0141e-01
   1.1832e+04  -2.3048e+04   7.0141e-01
   1.1832e+04  -2.3048e+04   7.0141e-01
   1.1832e+04  -2.3048e+04   7.0141e-01
   1.1832e+04  -2.3048e+04   7.0141e-01
   1.1832e+04  -2.3048e+04   7.0141e-01
   1.1832e+04  -2.3048e+04   7.0141e-01
   1.1832e+04  -2.3048e+04   7.0141e-01
   1.1832e+04  -2.3048e+04   7.0141e-01
   1.1832e+04  -2.3048e+04   7.0141e-01
   1.1832e+04  -2.3048e+04   7.0141e-01
   1.1832e+04  -2.3048e+04   7.0141e-01
   1.1832e+04  -2.3048e+04   7.0141e-01
   1.1832e+04  -2.3048e+04   7.0141e-01
   1.1832e+04  -2.3048e+04   7.0141e-01
   1.1832e+04  -2.3048e+04   7.0141e-01
   1.1832e+04  -2.3048e+04   7.0141e-01
   1.1832e+04  -2.3048e+04   7.0141e-01
   1.1832e+04  -2.3048e+04   7.0141e-01
   1.1832e+04  -2.3048e+04   7.0141e-01
   1.1832e+04  -2.3048e+04   7.0141e-01
   1.1832e+04  -2.3048e+04   7.0141e-01
   1.1832e+04  -2.3048e+04   7.0141e-01
   1.1832e+04  -2.3048e+04   7.0141e-01
   1.1832e+04  -2.3048e+04   7.0141e-01
   1.1832e+04  -2.3048e+04   7.0141e-01
   1.1832e+04  -2.3048e+04   7.0141e-01
   1.1832e+04  -2.3048e+04   7.0141e-01
   1.1832e+04  -2.3048e+04   7.0141e-01
   1.1832e+04  -2.3048e+04   7.0141e-01
   1.1832e+04  -2.3048e+04   7.0141e-01
   1.1832e+04  -2.3048e+04   7.0141e-01
   1.1832e+04  -2.3048e+04   7.0141e-01
   1.1832e+04  -2.3048e+04   7.0141e-01
   1.1832e+04  -2.3048e+04   7.0141e-01
   1.1832e+04  -2.3048e+04   7.0141e-01
   1.1832e+04  -2.3048e+04   7.0141e-01
   1.1832e+04  -2.3048e+04   7.0141e-01
   1.1832e+04  -2.3048e+04   7.0141e-01
   1.1832e+04  -2.3048e+04   7.0141e-01
   1.1832e+04  -2.3048e+04   7.0141e-01
   1.1832e+04  -2.3048e+04   7.0141e-01
   1.1832e+04  -2.3048e+04   7.0141e-01
   1.1832e+04  -2.3048e+04   7.0141e-01
   1.1832e+04  -2.3048e+04   7.0141e-01
   1.1832e+04  -2.3048e+04   7.0141e-01
   1.1832e+04  -2.3048e+04   7.0141e-01
   1.1832e+04  -2.3048e+04   7.0141e-01
   1.1832e+04  -2.3048e+04   7.0141e-01
   1.1832e+04  -2.3048e+04   7.0141e-01
   1.1832e+04  -2.3048e+04   7.0141e-01
   1.1832e+04  -2.3048e+04   7.0141e-01
   1.1832e+04  -2.3048e+04   7.0141e-01
   1.1832e+04  -2.3048e+04   7.0141e-01
   1.1832e+04  -2.3048e+04   7.0141e-01
   1.1832e+04  -2.3048e+04   7.0141e-01
   1.1832e+04  -2.3048e+04   7.0141e-01
   1.1832e+04  -2.3048e+04   7.0141e-01
   1.1832e+04  -2.3048e+04   7.0141e-01
   1.1832e+04  -2.3048e+04   7.0141e-01
   1.1832e+04  -2.3048e+04   7.0141e-01
   1.1832e+04  -2.3048e+04   7.0141e-01
   1.1832e+04  -2.3048e+04   7.0141e-01
   1.1832e+04  -2.3048e+04   7.0141e-01
   1.1832e+04  -2.3048e+04   7.0141e-01
   1.1832e+04  -2.3048e+04   7.0141e-01
   1.1832e+04  -2.3048e+04   7.0141e-01
   1.1832e+04  -2.3048e+04   7.0141e-01
   1.1832e+04  -2.3048e+04   7.0141e-01
   1.1832e+04  -2.3048e+04   7.0141e-01
   1.1832e+04  -2.3048e+04   7.0141e-01
   1.1832e+04  -2.3048e+04   7.0141e-01
   1.1832e+04  -2.3048e+04   7.0141e-01
   1.1832e+04  -2.3048e+04   7.0141e-01
   1.1832e+04  -2.3048e+04   7.0141e-01
   1.1832e+04  -2.3048e+04   7.0141e-01
   1.1832e+04  -2.3048e+04   7.0141e-01
   1.1832e+04  -2.3048e+04   7.0141e-01
   1.1832e+04  -2.3048e+04   7.0141e-01
   1.1832e+04  -2.3048e+04   7.0141e-01
   1.1832e+04  -2.3048e+04   7.0141e-01
   1.1832e+04  -2.3048e+04   7.0141e-01
   1.1832e+04  -2.3048e+04   7.0141e-01
   1.1832e+04  -2.3048e+04   7.0141e-01
   1.1832e+04  -2.3048e+04   7.0141e-01
   1.1832e+04  -2.3048e+04   7.0141e-01
   1.1832e+04  -2.3048e+04   7.0141e-01
   1.1832e+04  -2.3048e+04   7.0141e-01
   1.1832e+04  -2.3048e+04   7.0141e-01
   1.1832e+04  -2.3048e+04   7.0141e-01
   1.1832e+04  -2.3048e+04   7.0141e-01
   1.1832e+04  -2.3048e+04   7.0141e-01
   1.1832e+04  -2.3048e+04   7.0141e-01
   1.1832e+04  -2.3048e+04   7.0141e-01
   1.1832e+04  -2.3048e+04   7.0141e-01
   1.1832e+04  -2.3048e+04   7.0141e-01
   1.1832e+04  -2.3048e+04   7.0141e-01
   1.1832e+04  -2.3048e+04   7.0141e-01
   1.1832e+04  -2.3048e+04   7.0141e-01
   1.1832e+04  -2.3048e+04   7.0141e-01
   1.1832e+04  -2.3048e+04   7.0141e-01
   1.1832e+04  -2.3048e+04   7.0141e-01
   1.1832e+04  -2.3048e+04   7.0141e-01
   1.1832e+04  -2.3048e+04   7.0141e-01
   1.1832e+04  -2.3048e+04   7.0141e-01
   1.1832e+04  -2.3048e+04   7.0141e-01
   1.1832e+04  -2.3048e+04   7.0141e-01
   1.1832e+04  -2.3048e+04   7.0141e-01
   1.1832e+04  -2.3048e+04   7.0141e-01
   1.1832e+04  -2.3048e+04   7.0141e-01
   1.1832e+04  -2.3048e+04   7.0141e-01
   1.1832e+04  -2.3048e+04   7.0141e-01
   1.1832e+04  -2.3048e+04   7.0141e-01
   1.1832e+04  -2.3048e+04   7.0141e-01
   1.1832e+04  -2.3048e+04   7.0141e-01
   1.1832e+04  -2.3048e+04   7.0141e-01
   1.1832e+04  -2.3048e+04   7.0141e-01
   1.1832e+04  -2.3048e+04   7.0141e-01
   1.1832e+04  -2.3048e+04   7.0141e-01
   1.1832e+04  -2.3048e+04   7.0141e-01
   1.1832e+04  -2.3048e+04   7.0141e-01
   1.1832e+04  -2.3048e+04   7.0141e-01
   1.1832e+04  -2.3048e+04   7.0141e-01
   1.1832e+04  -2.3048e+04   7.0141e-01
   1.1832e+04  -2.3048e+04   7.0141e-01
   1.1832e+04  -2.3048e+04   7.0141e-01
   1.1832e+04  -2.3048e+04   7.0141e-01
   1.1832e+04  -2.3048e+04   7.0141e-01
   1.1832e+04  -2.3048e+04   7.0141e-01
   1.1832e+04  -2.3048e+04   7.0141e-01
   1.1832e+04  -2.3048e+04   7.0141e-01
   1.1832e+04  -2.3048e+04   7.0141e-01
   1.1832e+04  -2.3048e+04   7.0141e-01
   1.1832e+04  -2.3048e+04   7.0141e-01
   1.1832e+04  -2.3048e+04   7.0141e-01
   1.1832e+04  -2.3048e+04   7.0141e-01
   1.1832e+04  -2.3048e+04   7.0141e-01
   1.1832e+04  -2.3048e+04   7.0141e-01
   1.1832e+04  -2.3048e+04   7.0141e-01
   1.1832e+04  -2.3048e+04   7.0141e-01
   1.1832e+04  -2.3048e+04   7.0141e-01
   1.1832e+04  -2.3048e+04   7.0141e-01
   1.1832e+04  -2.3048e+04   7.0141e-01
   1.1832e+04  -2.3048e+04   7.0141e-01
   1.1832e+04  -2.3048e+04   7.0141e-01
   1.1832e+04  -2.3048e+04   7.0141e-01
   1.1832e+04  -2.3048e+04   7.0141e-01
   1.1832e+04  -2.3048e+04   7.0141e-01
   1.1832e+04  -2.3048e+04   7.0141e-01
   1.1832e+04  -2.3048e+04   7.0141e-01
   1.1832e+04  -2.3048e+04   7.0141e-01
   1.1832e+04  -2.3048e+04   7.0141e-01
   1.1832e+04  -2.3048e+04   7.0141e-01
   1.1832e+04  -2.3048e+04   7.0141e-01
   1.1832e+04  -2.3048e+04   7.0141e-01
   1.1832e+04  -2.3048e+04   7.0141e-01
   1.1832e+04  -2.3048e+04   7.0141e-01
   1.1832e+04  -2.3048e+04   7.0141e-01
   1.1832e+04  -2.3048e+04   7.0141e-01
   1.1832e+04  -2.3048e+04   7.0141e-01
   1.1832e+04  -2.3048e+04   7.0141e-01
   1.1832e+04  -2.3048e+04   7.0141e-01
   1.1832e+04  -2.3048e+04   7.0141e-01
   1.1832e+04  -2.3048e+04   7.0141e-01
   1.1832e+04  -2.3048e+04   7.0141e-01
   1.1832e+04  -2.3048e+04   7.0141e-01
   1.1832e+04  -2.3048e+04   7.0141e-01
   1.1832e+04  -2.3048e+04   7.0141e-01
   1.1832e+04  -2.3048e+04   7.0141e-01
   1.1832e+04  -2.3048e+04   7.0141e-01
   1.1832e+04  -2.3048e+04   7.0141e-01
   1.1832e+04  -2.3048e+04   7.0141e-01

   1.0000e+00            0   1.0000e+00
   1.0272e+00   1.0000e-01   9.9505e-01
   1.0818e+00   1.9350e-01   9.8517e-01
   1.1622e+00   2.7398e-01   9.7041e-01
   1.2653e+00   3.3523e-01   9.5084e-01
   1.3868e+00   3.7176e-01   9.2657e-01
   1.5208e+00   3.7912e-01   8.9770e-01
   1.6603e+00   3.5426e-01   8.6439e-01
   1.7979e+00   2.9571e-01   8.2680e-01
   1.9253e+00   2.0384e-01   7.8512e-01
   2.0348e+00   8.0920e-02   7.3955e-01
   2.1189e+00  -6.8913e-02   6.9031e-01
   2.1711e+00  -2.3974e-01   6.3765e-01
   2.1864e+00  -4.2409e-01   5.8184e-01
   2.1615e+00  -6.1328e-01   5.2315e-01
   2.0950e+00  -7.9781e-01   4.6186e-01
   1.9881e+00  -9.6787e-01   3.9829e-01
   1.8440e+00  -1.1138e+00   3.3274e-01
   1.6683e+00  -1.2269e+00   2.6555e-01
   1.4687e+00  -1.2995e+00   1.9704e-01
   1.2548e+00  -1.3258e+00   1.2756e-01
   1.0375e+00  -1.3025e+00   5.7443e-02
   8.2848e-01  -1.2286e+00  -1.2958e-02
   6.3985e-01  -1.1060e+00  -8.3294e-02
   4.8317e-01  -9.3941e-01  -1.5322e-01
   3.6893e-01  -7.3635e-01  -2.2238e-01
   3.0589e-01  -5.0683e-01  -2.9045e-01
   3.0044e-01  -2.6296e-01  -3.5707e-01
   3.5612e-01  -1.8382e-02  -4.2193e-01
   4.7325e-01   2.1236e-01  -4.8469e-01
   6.4869e-01   4.1462e-01  -5.4506e-01
   8.7582e-01   5.7446e-01  -6.0273e-01
   1.1447e+00   6.7949e-01  -6.5741e-01
   1.4424e+00   7.1961e-01  -7.0884e-01
   1.7537e+00   6.8779e-01  -7.5675e-01
   2.0614e+00   5.8061e-01  -8.0092e-01
   2.3476e+00   3.9867e-01  -8.4112e-01
   2.5946e+00   1.4683e-01  -8.7716e-01
   2.7857e+00  -1.6581e-01  -9.0885e-01
   2.9063e+00  -5.2618e-01  -9.3604e-01
   2.9448e+00  -9.1770e-01  -9.5859e-01
   2.8936e+00  -1.3210e+00  -9.7640e-01
   2.7498e+00  -1.7150e+00  -9.8937e-01
   2.5152e+00  -2.0776e+00  -9.9744e-01
   2.1971e+00  -2.3872e+00  -1.0006e+00
   1.8077e+00  -2.6239e+00  -9.9875e-01
   1.3642e+00  -2.7708e+00  -9.9198e-01
   8.8765e-01  -2.8146e+00  -9.8030e-01
   4.0248e-01  -2.7475e+00  -9.6376e-01
  -6.5065e-02  -2.5670e+00  -9.4245e-01
  -4.8807e-01  -2.2770e+00  -9.1647e-01
  -8.4050e-01  -1.8880e+00  -8.8596e-01
  -1.0987e+00  -1.4164e+00  -8.5105e-01
  -1.2428e+00  -8.8434e-01  -8.1193e-01
  -1.2582e+00  -3.1880e-01  -7.6879e-01
  -1.1367e+00   2.4978e-01  -7.2184e-01
  -8.7724e-01   7.8888e-01  -6.7132e-01
  -4.8645e-01   1.2657e+00  -6.1747e-01
   2.1217e-02   1.6489e+00  -5.6056e-01
   6.2382e-01   1.9104e+00  -5.0088e-01
   1.2927e+00   2.0275e+00  -4.3872e-01
   1.9938e+00   1.9839e+00  -3.7438e-01
   2.6891e+00   1.7716e+00  -3.0819e-01
   3.3384e+00   1.3916e+00  -2.4048e-01
   3.9019e+00   8.5422e-01  -1.7157e-01
   4.3420e+00   1.7941e-01  -1.0181e-01
   4.6258e+00  -6.0393e-01  -3.1553e-02
   4.7270e+00  -1.4590e+00   3.8864e-02
   4.6282e+00  -2.3428e+00   1.0909e-01
   4.3220e+00  -3.2079e+00   1.7877e-01
   3.8122e+00  -4.0051e+00   2.4757e-01
   3.1145e+00  -4.6861e+00   3.1515e-01
   2.2559e+00  -5.2058e+00   3.8116e-01
   1.2742e+00  -5.5259e+00   4.4528e-01
   2.1640e-01  -5.6165e+00   5.0720e-01
  -8.6333e-01  -5.4591e+00   5.6661e-01
  -1.9062e+00  -5.0478e+00   6.2321e-01
  -2.8520e+00  -4.3908e+00   6.7673e-01
  -3.6421e+00  -3.5105e+00   7.2689e-01
  -4.2233e+00  -2.4432e+00   7.7345e-01
  -4.5506e+00  -1.2381e+00   8.1619e-01
  -4.5908e+00   4.5090e-02   8.5488e-01
  -4.3246e+00   1.3383e+00   8.8933e-01
  -3.7488e+00   2.5689e+00   9.1939e-01
  -2.8777e+00   3.6633e+00   9.4488e-01
  -1.7426e+00   4.5510e+00   9.6570e-01
  -3.9206e-01   5.1690e+00   9.8174e-01
   1.1106e+00   5.4653e+00   9.9292e-01
   2.6893e+00   5.4030e+00   9.9917e-01
   4.2593e+00   4.9632e+00   1.0005e+00
   5.7309e+00   4.1469e+00   9.9684e-01
   7.0145e+00   2.9765e+00   9.8825e-01
   8.0258e+00   1.4956e+00   9.7478e-01
   8.6901e+00  -2.3201e-01   9.5647e-01
   8.9482e+00  -2.1247e+00   9.3343e-01
   8.7598e+00  -4.0866e+00   9.0576e-01
   8.1072e+00  -6.0120e+00   8.7361e-01
   6.9980e+00  -7.7906e+00   8.3714e-01
   5.4656e+00  -9.3139e+00   7.9651e-01
   3.5696e+00  -1.0481e+01   7.5195e-01
   1.3935e+00  -1.1204e+01   7.0365e-01
  -9.5830e-01  -1.1416e+01   6.5188e-01
  -3.3650e+00  -1.1074e+01   5.9687e-01
  -5.6954e+00  -1.0164e+01   5.3891e-01
  -7.8144e+00  -8.7015e+00   4.7828e-01
  -9.5907e+00  -6.7360e+00   4.1528e-01
  -1.0904e+01  -4.3473e+00   3.5023e-01
  -1.1653e+01  -1.6442e+00   2.8344e-01
  -1.1761e+01   1.2403e+00   2.1524e-01
  -1.1184e+01   4.1547e+00   1.4598e-01
  -9.9133e+00   6.9365e+00   7.6001e-02
  -7.9782e+00   9.4208e+00   5.6420e-03
  -5.4476e+00   1.1449e+01  -6.4745e-02
  -2.4283e+00   1.2879e+01  -1.3481e-01
   9.3924e-01   1.3594e+01  -2.0421e-01
   4.4860e+00   1.3508e+01  -2.7260e-01
   8.0225e+00   1.2577e+01  -3.3963e-01
   1.1348e+01   1.0802e+01  -4.0499e-01
   1.4263e+01   8.2298e+00  -4.6834e-01
   1.6576e+01   4.9563e+00  -5.2937e-01
   1.8119e+01   1.1224e+00  -5.8778e-01
   1.8758e+01  -3.0909e+00  -6.4328e-01
   1.8400e+01  -7.4700e+00  -6.9559e-01
   1.7003e+01  -1.1779e+01  -7.4445e-01
   1.4581e+01  -1.5771e+01  -7.8963e-01
   1.1207e+01  -1.9203e+01  -8.3090e-01
   7.0107e+00  -2.1846e+01  -8.6806e-01
   2.1772e+00  -2.3505e+01  -9.0091e-01
  -3.0616e+00  -2.4025e+01  -9.2930e-01
  -8.4368e+00  -2.3307e+01  -9.5310e-01
  -1.3655e+01  -2.1316e+01  -9.7217e-01
  -1.8414e+01  -1.8085e+01  -9.8642e-01
  -2.2419e+01  -1.3721e+01  -9.9579e-01
  -2.5398e+01  -8.3987e+00  -1.0002e+00
  -2.7122e+01  -2.3597e+00  -9.9972e-01
  -2.7419e+01   4.1004e+00  -9.9425e-01
  -2.6183e+01   1.0644e+01  -9.8386e-01
  -2.3392e+01   1.6908e+01  -9.6860e-01
  -1.9108e+01   2.2523e+01  -9.4854e-01
  -1.3480e+01   2.7132e+01  -9.2378e-01
  -6.7447e+00   3.0415e+01  -8.9445e-01
   7.8709e-01   3.2106e+01  -8.6069e-01
   8.7395e+00   3.2011e+01  -8.2266e-01
   1.6690e+01   3.0027e+01  -7.8056e-01
   2.4190e+01   2.6147e+01  -7.3460e-01
   3.0790e+01   2.0476e+01  -6.8499e-01
   3.6061e+01   1.3220e+01  -6.3200e-01
   3.9626e+01   4.6923e+00  -5.7587e-01
   4.1176e+01  -4.7066e+00  -5.1690e-01
   4.0501e+01  -1.4501e+01  -4.5536e-01
   3.7501e+01  -2.4164e+01  -3.9157e-01
   3.2201e+01  -3.3145e+01  -3.2584e-01
   2.4757e+01  -4.0894e+01  -2.5849e-01
   1.5455e+01  -4.6902e+01  -1.8986e-01
   4.7041e+00  -5.0723e+01  -1.2030e-01
  -6.9815e+00  -5.2007e+01  -5.0137e-02
  -1.9002e+01  -5.0526e+01   2.0273e-02
  -3.0703e+01  -4.6193e+01   9.0582e-02
  -4.1408e+01  -3.9077e+01   1.6044e-01
  -5.0453e+01  -2.9408e+01   2.2951e-01
  -5.7228e+01  -1.7571e+01   2.9744e-01
  -6.1214e+01  -4.1004e+00   3.6390e-01
  -6.2016e+01   1.0347e+01   4.2855e-01
  -5.9394e+01   2.5019e+01   4.9108e-01
  -5.3285e+01   3.9103e+01   5.5118e-01
  -4.3821e+01   5.1772e+01   6.0855e-01
  -3.1329e+01   6.2226e+01   6.6291e-01
  -1.6325e+01   6.9740e+01   7.1398e-01
   4.9849e-01   7.3711e+01   7.6152e-01
   1.8307e+01   7.3699e+01   8.0528e-01
   3.6158e+01   6.9459e+01   8.4506e-01
   5.3048e+01   6.0972e+01   8.8065e-01
   6.7968e+01   4.8452e+01   9.1189e-01
   7.9957e+01   3.2359e+01   9.3860e-01
   8.8158e+01   1.3376e+01   9.6067e-01
   9.1876e+01  -7.6039e+00   9.7798e-01
   9.0627e+01  -2.9524e+01   9.9044e-01
   8.4175e+01  -5.1207e+01   9.9800e-01
   7.2562e+01  -7.1420e+01   1.0006e+00
   5.6123e+01  -8.8934e+01   9.9828e-01
   3.5486e+01  -1.0260e+02   9.9100e-01
   1.1554e+01  -1.1140e+02   9.7881e-01
  -1.4531e+01  -1.1456e+02   9.6177e-01
  -4.1433e+01  -1.1154e+02   9.3997e-01
  -6.7690e+01  -1.0214e+02   9.1351e-01
  -9.1786e+01  -8.6484e+01   8.8253e-01
  -1.1223e+02  -6.5077e+01   8.4718e-01
  -1.2766e+02  -3.8769e+01   8.0763e-01
  -1.3688e+02  -8.7376e+00   7.6409e-01
  -1.3901e+02   2.3557e+01   7.1676e-01
  -1.3349e+02   5.6437e+01   6.6588e-01
  -1.2015e+02   8.8089e+01   6.1170e-01
  -9.9275e+01   1.1666e+02   5.5449e-01
  -7.1571e+01   1.4034e+02   4.9454e-01
  -3.8178e+01   1.5752e+02   4.3213e-01
  -6.2696e-01   1.6681e+02   3.6759e-01
   3.9224e+01   1.6722e+02   3.0123e-01
   7.9274e+01   1.5818e+02   2.3337e-01
   1.1728e+02   1.3961e+02   1.6436e-01
   1.5098e+02   1.1197e+02   9.4533e-02
   1.7821e+02   7.6268e+01   2.4240e-02
   1.9704e+02   3.4011e+01  -4.6174e-02
   2.0589e+02  -1.2824e+01  -1.1636e-01
   2.0365e+02  -6.1883e+01  -1.8597e-01
   1.8978e+02  -1.1054e+02  -2.5465e-01
   1.6432e+02  -1.5604e+02  -3.2208e-01
   1.2800e+02  -1.9562e+02  -3.8791e-01
   8.2199e+01  -2.2669e+02  -4.5182e-01
   2.8908e+01  -2.4698e+02  -5.1350e-01
  -2.9336e+01  -2.5468e+02  -5.7262e-01
  -8.9560e+01  -2.4859e+02  -6.2892e-01
  -1.4850e+02  -2.2821e+02  -6.8210e-01
  -2.0276e+02  -1.9379e+02  -7.3190e-01
  -2.4899e+02  -1.4642e+02  -7.7807e-01
  -2.8412e+02  -8.7965e+01  -8.2040e-01
  -3.0547e+02  -2.1028e+01  -8.5866e-01
  -3.1101e+02   5.1146e+01  -8.9266e-01
  -2.9944e+02   1.2482e+02  -9.2225e-01
  -2.7037e+02   1.9593e+02  -9.4727e-01
  -2.2436e+02   2.6033e+02  -9.6759e-01
  -1.6296e+02   3.1398e+02  -9.8313e-01
  -8.8674e+01   3.5321e+02  -9.9380e-01
  -4.8965e+00   3.7492e+02  -9.9954e-01
   8.4244e+01   3.7680e+02  -1.0003e+00
   1.7406e+02   3.5755e+02  -9.9617e-01
   2.5954e+02   3.1695e+02  -9.8708e-01
   3.3561e+02   2.5596e+02  -9.7310e-01
   3.9741e+02   1.7676e+02  -9.5430e-01
   4.4058e+02   8.2706e+01  -9.3077e-01
   4.6155e+02  -2.1836e+01  -9.0263e-01
   4.5777e+02  -1.3162e+02  -8.7002e-01
   4.2794e+02  -2.4081e+02  -8.3311e-01
   3.7214e+02  -3.4320e+02  -7.9206e-01
   2.9190e+02  -4.3262e+02  -7.4710e-01
   1.9024e+02  -5.0324e+02  -6.9843e-01
   7.1570e+01  -5.4994e+02  -6.4631e-01
  -5.8491e+01  -5.6861e+02  -5.9098e-01
  -1.9332e+02  -5.5649e+02  -5.3273e-01
  -3.2563e+02  -5.1235e+02  -4.7184e-01
  -4.4781e+02  -4.3672e+02  -4.0862e-01
  -5.5237e+02  -3.3192e+02  -3.4336e-01
  -6.3235e+02  -2.0204e+02  -2.7641e-01
  -6.8174e+02  -5.2864e+01  -2.0809e-01
  -6.9587e+02   1.0841e+02  -1.3874e-01
  -6.7179e+02   2.7346e+02  -6.8704e-02
  -6.0850e+02   4.3322e+02   1.6739e-03
  -5.0716e+02   5.7838e+02   7.2044e-02
  -3.7113e+02   6.9988e+02   1.4206e-01
  -2.0593e+02   7.8942e+02   2.1137e-01
  -1.9073e+01   8.4002e+02   2.7963e-01
   1.8027e+02   8.4642e+02   3.4651e-01
   3.8164e+02   8.0556e+02   4.1167e-01
   5.7385e+02   7.1682e+02   4.7479e-01
   7.4549e+02   5.8227e+02   5.3556e-01
   8.8567e+02   4.0665e+02   5.9368e-01
   9.8455e+02   1.9733e+02   6.4886e-01
   1.0340e+03  -3.5988e+01   7.0083e-01
   1.0283e+03  -2.8165e+02   7.4932e-01
   9.6429e+02  -5.2659e+02   7.9411e-01
   8.4201e+02  -7.5698e+02   8.3496e-01
   6.6477e+02  -9.5897e+02   8.7167e-01
   4.3915e+02  -1.1194e+03   9.0407e-01
   1.7488e+02  -1.2268e+03   9.3199e-01
  -1.1554e+02  -1.2718e+03   9.5530e-01
  -4.1739e+02  -1.2480e+03   9.7387e-01
  -7.1437e+02  -1.1525e+03   9.8762e-01
  -9.8949e+02  -9.8640e+02   9.9648e-01
  -1.2259e+03  -7.5458e+02   1.0004e+00
  -1.4080e+03  -4.6608e+02   9.9938e-01
  -1.5221e+03  -1.3365e+02   9.9340e-01
  -1.5576e+03   2.2670e+02   9.8250e-01
  -1.5078e+03   5.9642e+02   9.6674e-01
  -1.3702e+03   9.5528e+02   9.4618e-01
  -1.1471e+03   1.2824e+03   9.2094e-01
  -8.4581e+02   1.5575e+03   8.9114e-01
  -4.7852e+02   1.7618e+03   8.5693e-01
  -6.1808e+01   1.8796e+03   8.1847e-01
   3.8390e+02   1.8988e+03   7.7596e-01
   8.3531e+02   1.8123e+03   7.2961e-01
   1.2674e+03   1.6185e+03   6.7964e-01
   1.6546e+03   1.3218e+03   6.2631e-01
   1.9725e+03   9.3243e+02   5.6988e-01
   2.1988e+03   4.6667e+02   5.1062e-01
   2.3152e+03  -5.3973e+01   4.4883e-01
   2.3084e+03  -6.0358e+02   3.8482e-01
   2.1713e+03  -1.1530e+03   3.1891e-01
   1.9035e+03  -1.6713e+03   2.5142e-01
   1.5120e+03  -2.1275e+03   1.8268e-01
   1.0113e+03  -2.4919e+03   1.1303e-01
   4.2292e+02  -2.7386e+03   4.2829e-02
  -2.2553e+02  -2.8463e+03  -2.7587e-02
  -9.0121e+02  -2.8005e+03  -9.7866e-02
  -1.5678e+03  -2.5944e+03  -1.6766e-01
  -2.1872e+03  -2.2296e+03  -2.3662e-01
  -2.7217e+03  -1.7169e+03  -3.0442e-01
  -3.1360e+03  -1.0761e+03  -3.7070e-01
  -3.3993e+03  -3.3544e+02  -4.3515e-01
  -3.4877e+03   4.6964e+02  -4.9744e-01
  -3.3854e+03   1.2978e+03  -5.5727e-01
  -3.0863e+03   2.1038e+03  -6.1434e-01
  -2.5954e+03   2.8409e+03  -6.6837e-01
  -1.9283e+03   3.4635e+03  -7.1909e-01
  -1.1118e+03   3.9295e+03  -7.6624e-01
  -1.8265e+02   4.2031e+03  -8.0961e-01
   8.1376e+02   4.2570e+03  -8.4896e-01
   1.8255e+03   4.0746e+03  -8.8410e-01
   2.7967e+03   3.6519e+03  -9.1487e-01
   3.6701e+03   2.9977e+03  -9.4111e-01
   4.3905e+03   2.1346e+03  -9.6269e-01
   4.9081e+03   1.0984e+03  -9.7950e-01
   5.1813e+03  -6.3204e+01  -9.9145e-01
   5.1797e+03  -1.2926e+03  -9.9850e-01
   4.8865e+03  -2.5249e+03  -1.0006e+00
   4.3002e+03  -3.6908e+03  -9.9775e-01
   3.4359e+03  -4.7206e+03  -9.8996e-01
   2.3250e+03  -5.5481e+03  -9.7726e-01
   1.0150e+03  -6.1143e+03  -9.5972e-01
  -4.3263e+02  -6.3712e+03  -9.3743e-01
  -1.9450e+03  -6.2854e+03  -9.1050e-01
  -3.4409e+03  -5.8407e+03  -8.7906e-01
  -4.8353e+03  -5.0400e+03  -8.4326e-01
  -6.0433e+03  -3.9065e+03  -8.0329e-01
  -6.9856e+03  -2.4835e+03  -7.5934e-01
  -7.5929e+03  -8.3338e+02  -7.1163e-01
  -7.8103e+03   9.6508e+02  -6.6040e-01
  -7.6017e+03   2.8198e+03  -6.0589e-01
  -6.9527e+03   4.6298e+03  -5.4838e-01
  -5.8727e+03   6.2906e+03  -4.8816e-01
  -4.3960e+03   7.6995e+03  -4.2552e-01
  -2.5813e+03   8.7618e+03  -3.6078e-01
  -5.0987e+02   9.3964e+03  -2.9424e-01
   1.7174e+03   9.5414e+03  -2.2625e-01
   3.9848e+03   9.1584e+03  -1.5714e-01
   6.1673e+03   8.2367e+03  -8.7248e-02
   8.1368e+03   6.7949e+03  -1.6925e-02
   9.7694e+03   4.8823e+03   5.3481e-02
   1.0953e+04   2.5775e+03   1.2362e-01
   1.2136e+04   2.7264e+02   1.9376e-01
   1.3319e+04  -2.0322e+03   2.6390e-01
   1.4502e+04  -4.3370e+03   3.3405e-01
   1.5685e+04  -6.6418e+03   4.0419e-01
   1.6869e+04  -8.9467e+03   4.7433e-01
   1.8052e+04  -1.1252e+04   5.4447e-01
   1.9235e+04  -1.3556e+04   6.1461e-01
   2.0418e+04  -1.5861e+04   6.8475e-01
   2.1601e+04  -1.8166e+04   7.5489e-01
   2.2784e+04  -2.0471e+04   8.2503e-01
   2.3968e+04  -2.2776e+04   8.9517e-01
   2.5151e+04  -2.5080e+04   9.6532e-01
   2.6334e+04  -2.7385e+04   1.0355e+00
   2.7517e+04  -2.9690e+04   1.1056e+00
   2.8700e+04  -3.1995e+04   1.1757e+00
   2.9884e+04  -3.4300e+04   1.2459e+00
   3.1067e+04  -3.6605e+04   1.3160e+00
   3.2250e+04  -3.8909e+04   1.3862e+00
   3.3433e+04  -4.1214e+04   1.4563e+00
   3.4616e+04  -4.3519e+04   1.5264e+00
   3.5800e+04  -4.5824e+04   1.5966e+00
   3.6983e+04  -4.8129e+04   1.6667e+00
   3.8166e+04  -5.0434e+04   1.7369e+00
   3.9349e+04  -5.2738e+04   1.8070e+00
   4.0532e+04  -5.5043e+04   1.8772e+00
   4.1715e+04  -5.7348e+04   1.9473e+00
   4.2899e+04  -5.9653e+04   2.0174e+00
   4.4082e+04  -6.1958e+04   2.0876e+00
   4.5265e+04  -6.4263e+04   2.1577e+00
   4.6448e+04  -6.6567e+04   2.2279e+00
   4.7631e+04  -6.8872e+04   2.2980e+00
   4.8815e+04  -7.1177e+04   2.3681e+00
   4.9998e+04  -7.3482e+04   2.4383e+00
   5.1181e+04  -7.5787e+04   2.5084e+00
   5.2364e+04  -7.8092e+04   2.5786e+00
   5.3547e+04  -8.0396e+04   2.6487e+00
   5.4731e+04  -8.2701e+04   2.7188e+00
   5.5914e+04  -8.5006e+04   2.7890e+00
   5.7097e+04  -8.7311e+04   2.8591e+00
   5.8280e+04  -8.9616e+04   2.9293e+00
   5.9463e+04  -9.1921e+04   2.9994e+00
   6.0646e+04  -9.4225e+04   3.0696e+00
   6.1830e+04  -9.6530e+04   3.1397e+00
   6.3013e+04  -9.8835e+04   3.2098e+00
   6.4196e+04  -1.0114e+05   3.2800e+00
   6.5379e+04  -1.0344e+05   3.3501e+00
   6.6562e+04  -1.0575e+05   3.4203e+00
   6.7746e+04  -1.0805e+05   3.4904e+00
   6.8929e+04  -1.1036e+05   3.5605e+00
   7.0112e+04  -1.1266e+05   3.6307e+00
   7.1295e+04  -1.1497e+05   3.7008e+00
   7.2478e+04  -1.1727e+05   3.7710e+00
   7.3662e+04  -1.1958e+05   3.8411e+00
   7.4845e+04  -1.2188e+05   3.9112e+00
   7.6028e+04  -1.2419e+05   3.9814e+00
   7.7211e+04  -1.2649e+05   4.0515e+00
   7.8394e+04  -1.2880e+05   4.1217e+00
   7.9577e+04  -1.3110e+05   4.1918e+00
   8.0761e+04  -1.3341e+05   4.2620e+00
   8.1944e+04  -1.3571e+05   4.3321e+00
   8.3127e+04  -1.3802e+05   4.4022e+00
   8.4310e+04  -1.4032e+05   4.4724e+00
   8.5493e+04  -1.4263e+05   4.5425e+00
   8.6677e+04  -1.4493e+05   4.6127e+00
   8.7860e+04  -1.4724e+05   4.6828e+00
   8.9043e+04  -1.4954e+05   4.7529e+00
   9.0226e+04  -1.5185e+05   4.8231e+00
   9.1409e+04  -1.5415e+05   4.8932e+00
   9.2593e+04  -1.5646e+05   4.9634e+00
   9.3776e+04  -1.5876e+05   5.0335e+00
   9.4959e+04  -1.6107e+05   5.1036e+00
   9.6142e+04  -1.6337e+05   5.1738e+00
   9.7325e+04  -1.6568e+05   5.2439e+00
   9.8508e+04  -1.6798e+05   5.3141e+00
   9.9692e+04  -1.7028e+05   5.3842e+00
   1.0087e+05  -1.7259e+05   5.4544e+00
   1.0206e+05  -1.7489e+05   5.5245e+00
   1.0324e+05  -1.7720e+05   5.5946e+00
   1.0442e+05  -1.7950e+05   5.6648e+00
   1.0561e+05  -1.8181e+05   5.7349e+00
   1.0679e+05  -1.8411e+05   5.8051e+00
   1.0797e+05  -1.8642e+05   5.8752e+00
   1.0916e+05  -1.8872e+05   5.9453e+00
   1.1034e+05  -1.9103e+05   6.0155e+00
   1.1152e+05  -1.9333e+05   6.0856e+00
   1.1271e+05  -1.9564e+05   6.1558e+00
   1.1389e+05  -1.9794e+05   6.2259e+00
   1.1507e+05  -2.0025e+05   6.2960e+00
   1.1626e+05  -2.0255e+05   6.3662e+00
   1.1744e+05  -2.0486e+05   6.4363e+00
   1.1862e+05  -2.0716e+05   6.5065e+00
   1.1981e+05  -2.0947e+05   6.5766e+00
   1.2099e+05  -2.1177e+05   6.6468e+00
   1.2217e+05  -2.1408e+05   6.7169e+00
   1.2336e+05  -2.1638e+05   6.7870e+00
   1.2454e+05  -2.1869e+05   6.8572e+00
   1.2572e+05  -2.2099e+05   6.9273e+00
   1.2690e+05  -2.2330e+05   6.9975e+00
   1.2809e+05  -2.2560e+05   7.0676e+00
   1.2927e+05  -2.2791e+05   7.1377e+00
   1.3045e+05  -2.3021e+05   7.2079e+00
   1.3164e+05  -2.3252e+05   7.2780e+00
   1.3282e+05  -2.3482e+05   7.3482e+00
   1.3400e+05  -2.3712e+05   7.4183e+00
   1.3519e+05  -2.3943e+05   7.4884e+00
   1.3637e+05  -2.4173e+05   7.5586e+00
   1.3755e+05  -2.4404e+05   7.6287e+00
   1.3874e+05  -2.4634e+05   7.6989e+00
   1.3992e+05  -2.4865e+05   7.7690e+00
   1.4110e+05  -2.5095e+05   7.8392e+00
   1.4229e+05  -2.5326e+05   7.9093e+00
   1.4347e+05  -2.5556e+05   7.9794e+00
   1.4465e+05  -2.5787e+05   8.0496e+00
   1.4584e+05  -2.6017e+05   8.1197e+00
   1.4702e+05  -2.6248e+05   8.1899e+00
   1.4820e+05  -2.6478e+05   8.2600e+00
   1.4939e+05  -2.6709e+05   8.3301e+00
   1.5057e+05  -2.6939e+05   8.4003e+00
   1.5175e+05  -2.7170e+05   8.4704e+00
   1.5294e+05  -2.7400e+05   8.5406e+00
   1.5412e+05  -2.7631e+05   8.6107e+00
   1.5530e+05  -2.7861e+05   8.6808e+00
   1.5648e+05  -2.8092e+05   8.7510e+00
   1.5767e+05  -2.8322e+05   8.8211e+00
   1.5885e+05  -2.8553e+05   8.8913e+00
   1.6003e+05  -2.8783e+05   8.9614e+00
   1.6122e+05  -2.9014e+05   9.0316e+00
   1.6240e+05  -2.9244e+05   9.1017e+00
   1.6358e+05  -2.9475e+05   9.1718e+00
   1.6477e+05  -2.9705e+05   9.2420e+00
   1.6595e+05  -2.9936e+05   9.3121e+00
   1.6713e+05  -3.0166e+05   9.3823e+00
   1.6832e+05  -3.0396e+05   9.4524e+00
   1.6950e+05  -3.0627e+05   9.5225e+00
   1.7068e+05  -3.0857e+05   9.5927e+00
   1.7187e+05  -3.1088e+05   9.6628e+00
   1.7305e+05  -3.1318e+05   9.7330e+00
   1.7423e+05  -3.1549e+05   9.8031e+00
   1.7542e+05  -3.1779e+05   9.8732e+00
   1.7660e+05  -3.2010e+05   9.9434e+00
   1.7778e+05  -3.2240e+05   1.0014e+01
   1.7897e+05  -3.2471e+05   1.0084e+01
   1.8015e+05  -3.2701e+05   1.0154e+01
   1.8133e+05  -3.2932e+05   1.0224e+01
   1.8251e+05  -3.3162e+05   1.0294e+01
   1.8370e+05  -3.3393e+05   1.0364e+01
   1.8488e+05  -3.3623e+05   1.0434e+01
   1.8606e+05  -3.3854e+05   1.0505e+01
   1.8725e+05  -3.4084e+05   1.0575e+01
   1.8843e+05  -3.4315e+05   1.0645e+01
   1.8961e+05  -3.4545e+05   1.0715e+01
   1.9080e+05  -3.4776e+05   1.0785e+01
   1.9198e+05  -3.5006e+05   1.0855e+01
   1.9316e+05  -3.5237e+05   1.0925e+01
   1.9435e+05  -3.5467e+05   1.0996e+01
   1.9553e+05  -3.5698e+05   1.1066e+01
   1.9671e+05  -3.5928e+05   1.1136e+01
   1.9790e+05  -3.6159e+05   1.1206e+01
   1.9908e+05  -3.6389e+05   1.1276e+01
   2.0026e+05  -3.6620e+05   1.1346e+01
   2.0145e+05  -3.6850e+05   1.1416e+01
   2.0263e+05  -3.7080e+05   1.1486e+01
   2.0381e+05  -3.7311e+05   1.1557e+01
   2.0500e+05  -3.7541e+05   1.1627e+01
   2.0618e+05  -3.7772e+05   1.1697e+01
   2.0736e+05  -3.8002e+05   1.1767e+01
   2.0854e+05  -3.8233e+05   1.1837e+01
   2.0973e+05  -3.8463e+05   1.1907e+01
   2.1091e+05  -3.8694e+05   1.1977e+01
   2.1209e+05  -3.8924e+05   1.2048e+01
   2.1328e+05  -3.9155e+05   1.2118e+01
   2.1446e+05  -3.9385e+05   1.2188e+01
   2.1564e+05  -3.9616e+05   1.2258e+01
   2.1683e+05  -3.9846e+05   1.2328e+01
   2.1801e+05  -4.0077e+05   1.2398e+01
   2.1919e+05  -4.0307e+05   1.2468e+01
   2.2038e+05  -4.0538e+05   1.2539e+01
   2.2156e+05  -4.0768e+05   1.2609e+01
   2.2274e+05  -4.0999e+05   1.2679e+01
   2.2393e+05  -4.1229e+05   1.2749e+01
   2.2511e+05  -4.1460e+05   1.2819e+01
   2.2629e+05  -4.1690e+05   1.2889e+01
   2.2748e+05  -4.1921e+05   1.2959e+01
   2.2866e+05  -4.2151e+05   1.3030e+01
   2.2984e+05  -4.2382e+05   1.3100e+01
   2.3103e+05  -4.2612e+05   1.3170e+01
   2.3221e+05  -4.2843e+05   1.3240e+01
   2.3339e+05  -4.3073e+05   1.3310e+01
   2.3458e+05  -4.3304e+05   1.3380e+01
   2.3576e+05  -4.3534e+05   1.3450e+01
   2.3694e+05  -4.3764e+05   1.3521e+01
   2.3812e+05  -4.3995e+05   1.3591e+01
   2.3931e+05  -4.4225e+05   1.3661e+01
   2.4049e+05  -4.4456e+05   1.3731e+01
   2.4167e+05  -4.4686e+05   1.3801e+01
   2.4286e+05  -4.4917e+05   1.3871e+01
   2.4404e+05  -4.5147e+05   1.3941e+01
   2.4522e+05  -4.5378e+05   1.4012e+01
   2.4641e+05  -4.5608e+05   1.4082e+01
   2.4759e+05  -4.5839e+05   1.4152e+01
   2.4877e+05  -4.6069e+05   1.4222e+01
   2.4996e+05  -4.6300e+05   1.4292e+01
   2.5114e+05  -4.6530e+05   1.4362e+01
   2.5232e+05  -4.6761e+05   1.4432e+01
   2.5351e+05  -4.6991e+05   1.4503e+01
   2.5469e+05  -4.7222e+05   1.4573e+01
   2.5587e+05  -4.7452e+05   1.4643e+01
   2.5706e+05  -4.7683e+05   1.4713e+01
   2.5824e+05  -4.7913e+05   1.4783e+01
   2.5942e+05  -4.8144e+05   1.4853e+01
   2.6061e+05  -4.8374e+05   1.4923e+01
   2.6179e+05  -4.8605e+05   1.4994e+01
   2.6297e+05  -4.8835e+05   1.5064e+01
   2.6415e+05  -4.9066e+05   1.5134e+01
   2.6534e+05  -4.9296e+05   1.5204e+01
   2.6652e+05  -4.9527e+05   1.5274e+01
   2.6770e+05  -4.9757e+05   1.5344e+01
   2.6889e+05  -4.9988e+05   1.5414e+01
   2.7007e+05  -5.0218e+05   1.5485e+01
   2.7125e+05  -5.0448e+05   1.5555e+01
   2.7244e+05  -5.0679e+05   1.5625e+01
   2.7362e+05  -5.0909e+05   1.5695e+01
   2.7480e+05  -5.1140e+05   1.5765e+01
   2.7599e+05  -5.1370e+05   1.5835e+01
   2.7717e+05  -5.1601e+05   1.5905e+01
   2.7835e+05  -5.1831e+05   1.5976e+01
   2.7954e+05  -5.2062e+05   1.6046e+01
   2.8072e+05  -5.2292e+05   1.6116e+01
   2.8190e+05  -5.2523e+05   1.6186e+01
   2.8309e+05  -5.2753e+05   1.6256e+01
   2.8427e+05  -5.2984e+05   1.6326e+01
   2.8545e+05  -5.3214e+05   1.6396e+01
   2.8664e+05  -5.3445e+05   1.6467e+01
   2.8782e+05  -5.3675e+05   1.6537e+01
   2.8900e+05  -5.3906e+05   1.6607e+01
   2.9018e+05  -5.4136e+05   1.6677e+01
   2.9137e+05  -5.4367e+05   1.6747e+01
   2.9255e+05  -5.4597e+05   1.6817e+01
   2.9373e+05  -5.4828e+05   1.6887e+01
   2.9492e+05  -5.5058e+05   1.6958e+01
   2.9610e+05  -5.5289e+05   1.7028e+01
   2.9728e+05  -5.5519e+05   1.7098e+01
   2.9847e+05  -5.5750e+05   1.7168e+01
   2.9965e+05  -5.5980e+05   1.7238e+01
   3.0083e+05  -5.6211e+05   1.7308e+01
   3.0202e+05  -5.6441e+05   1.7378e+01
   3.0320e+05  -5.6672e+05   1.7448e+01
   3.0438e+05  -5.6902e+05   1.7519e+01
   3.0557e+05  -5.7132e+05   1.7589e+01
   3.0675e+05  -5.7363e+05   1.7659e+01
   3.0793e+05  -5.7593e+05   1.7729e+01
   3.0912e+05  -5.7824e+05   1.7799e+01
   3.1030e+05  -5.8054e+05   1.7869e+01
   3.1148e+05  -5.8285e+05   1.7939e+01
   3.1267e+05  -5.8515e+05   1.8010e+01
   3.1385e+05  -5.8746e+05   1.8080e+01
   3.1503e+05  -5.8976e+05   1.8150e+01
   3.1621e+05  -5.9207e+05   1.8220e+01
   3.1740e+05  -5.9437e+05   1.8290e+01
   3.1858e+05  -5.9668e+05   1.8360e+01
   3.1976e+05  -5.9898e+05   1.8430e+01
   3.2095e+05  -6.0129e+05   1.8501e+01
   3.2213e+05  -6.0359e+05   1.8571e+01
   3.2331e+05  -6.0590e+05   1.8641e+01
   3.2450e+05  -6.0820e+05   1.8711e+01
   3.2568e+05  -6.1051e+05   1.8781e+01
   3.2686e+05  -6.1281e+05   1.8851e+01
   3.2805e+05  -6.1512e+05   1.8921e+01
   3.2923e+05  -6.1742e+05   1.8992e+01
   3.3041e+05  -6.1973e+05   1.9062e+01
   3.3160e+05  -6.2203e+05   1.9132e+01
   3.3278e+05  -6.2434e+05   1.9202e+01
   3.3396e+05  -6.2664e+05   1.9272e+01
   3.3515e+05  -6.2895e+05   1.9342e+01
   3.3633e+05  -6.3125e+05   1.9412e+01
   3.3751e+05  -6.3356e+05   1.9483e+01
   3.3870e+05  -6.3586e+05   1.9553e+01
   3.3988e+05  -6.3816e+05   1.9623e+01
   3.4106e+05  -6.4047e+05   1.9693e+01
   3.4225e+05  -6.4277e+05   1.9763e+01
   3.4343e+05  -6.4508e+05   1.9833e+01
   3.4461e+05  -6.4738e+05   1.9903e+01
   3.4579e+05  -6.4969e+05   1.9974e+01
   3.4698e+05  -6.5199e+05   2.0044e+01
   3.4816e+05  -6.5430e+05   2.0114e+01
   3.4934e+05  -6.5660e+05   2.0184e+01
   3.5053e+05  -6.5891e+05   2.0254e+01
   3.5171e+05  -6.6121e+05   2.0324e+01
   3.5289e+05  -6.6352e+05   2.0394e+01
   3.5408e+05  -6.6582e+05   2.0465e+01
   3.5526e+05  -6.6813e+05   2.0535e+01
   3.5644e+05  -6.7043e+05   2.0605e+01
   3.5763e+05  -6.7274e+05   2.0675e+01
   3.5881e+05  -6.7504e+05   2.0745e+01
   3.5999e+05  -6.7735e+05   2.0815e+01
   3.6118e+05  -6.7965e+05   2.0885e+01
   3.6236e+05  -6.8196e+05   2.0956e+01
   3.6354e+05  -6.8426e+05   2.1026e+01
   3.6473e+05  -6.8657e+05   2.1096e+01
   3.6591e+05  -6.8887e+05   2.1166e+01
   3.6709e+05  -6.9118e+05   2.1236e+01
   3.6828e+05  -6.9348e+05   2.1306e+01
   3.6946e+05  -6.9579e+05   2.1376e+01
   3.7064e+05  -6.9809e+05   2.1447e+01
   3.7182e+05  -7.0040e+05   2.1517e+01
   3.7301e+05  -7.0270e+05   2.1587e+01
   3.7419e+05  -7.0500e+05   2.1657e+01
   3.7537e+05  -7.0731e+05   2.1727e+01
   3.7656e+05  -7.0961e+05   2.1797e+01
   3.7774e+05  -7.1192e+05   2.1867e+01
   3.7892e+05  -7.1422e+05   2.1938e+01
   3.8011e+05  -7.1653e+05   2.2008e+01
   3.8129e+05  -7.1883e+05   2.2078e+01
   3.8247e+05  -7.2114e+05   2.2148e+01
   3.8366e+05  -7.2344e+05   2.2218e+01
   3.8484e+05  -7.2575e+05   2.2288e+01
   3.8602e+05  -7.2805e+05   2.2358e+01
   3.8721e+05  -7.3036e+05   2.2429e+01
   3.8839e+05  -7.3266e+05   2.2499e+01
   3.8957e+05  -7.3497e+05   2.2569e+01
   3.9076e+05  -7.3727e+05   2.2639e+01
   3.9194e+05  -7.3958e+05   2.2709e+01
   3.9312e+05  -7.4188e+05   2.2779e+01
   3.9431e+05  -7.4419e+05   2.2849e+01
   3.9549e+05  -7.4649e+05   2.2920e+01
   3.9667e+05  -7.4880e+05   2.2990e+01
   3.9785e+05  -7.5110e+05   2.3060e+01
   3.9904e+05  -7.5341e+05   2.3130e+01
   4.0022e+05  -7.5571e+05   2.3200e+01
   4.0140e+05  -7.5802e+05   2.3270e+01
   4.0259e+05  -7.6032e+05   2.3340e+01
   4.0377e+05  -7.6263e+05   2.3410e+01
   4.0495e+05  -7.6493e+05   2.3481e+01
   4.0614e+05  -7.6724e+05   2.3551e+01
   4.0732e+05  -7.6954e+05   2.3621e+01
   4.0850e+05  -7.7184e+05   2.3691e+01
   4.0969e+05  -7.7415e+05   2.3761e+01
   4.1087e+05  -7.7645e+05   2.3831e+01
   4.1205e+05  -7.7876e+05   2.3901e+01
   4.1324e+05  -7.8106e+05   2.3972e+01
   4.1442e+05  -7.8337e+05   2.4042e+01
   4.1560e+05  -7.8567e+05   2.4112e+01
   4.1679e+05  -7.8798e+05   2.4182e+01
   4.1797e+05  -7.9028e+05   2.4252e+01
   4.1915e+05  -7.9259e+05   2.4322e+01
   4.2034e+05  -7.9489e+05   2.4392e+01
   4.2152e+05  -7.9720e+05   2.4463e+01
   4.2270e+05  -7.9950e+05   2.4533e+01
   4.2389e+05  -8.0181e+05   2.4603e+01
   4.2507e+05  -8.0411e+05   2.4673e+01
   4.2625e+05  -8.0642e+05   2.4743e+01
   4.2743e+05  -8.0872e+05   2.4813e+01
   4.2862e+05  -8.1103e+05   2.4883e+01
   4.2980e+05  -8.1333e+05   2.4954e+01
   4.3098e+05  -8.1564e+05   2.5024e+01
   4.3217e+05  -8.1794e+05   2.5094e+01
   4.3335e+05  -8.2025e+05   2.5164e+01
   4.3453e+05  -8.2255e+05   2.5234e+01
   4.3572e+05  -8.2486e+05   2.5304e+01
   4.3690e+05  -8.2716e+05   2.5374e+01
   4.3808e+05  -8.2947e+05   2.5445e+01
   4.3927e+05  -8.3177e+05   2.5515e+01
   4.4045e+05  -8.3408e+05   2.5585e+01
   4.4163e+05  -8.3638e+05   2.5655e+01
   4.4282e+05  -8.3869e+05   2.5725e+01
   4.4400e+05  -8.4099e+05   2.5795e+01
   4.4518e+05  -8.4329e+05   2.5865e+01
   4.4637e+05  -8.4560e+05   2.5936e+01
   4.4755e+05  -8.4790e+05   2.6006e+01
   4.4873e+05  -8.5021e+05   2.6076e+01
   4.4992e+05  -8.5251e+05   2.6146e+01
   4.5110e+05  -8.5482e+05   2.6216e+01
   4.5228e+05  -8.5712e+05   2.6286e+01
   4.5346e+05  -8.5943e+05   2.6356e+01
   4.5465e+05  -8.6173e+05   2.6427e+01
   4.5583e+05  -8.6404e+05   2.6497e+01
   4.5701e+05  -8.6634e+05   2.6567e+01
   4.5820e+05  -8.6865e+05   2.6637e+01
   4.5938e+05  -8.7095e+05   2.6707e+01
   4.6056e+05  -8.7326e+05   2.6777e+01
   4.6175e+05  -8.7556e+05   2.6847e+01
   4.6293e+05  -8.7787e+05   2.6918e+01
   4.6411e+05  -8.8017e+05   2.6988e+01
   4.6530e+05  -8.8248e+05   2.7058e+01
   4.6648e+05  -8.8478e+05   2.7128e+01
   4.6766e+05  -8.8709e+05   2.7198e+01
   4.6885e+05  -8.8939e+05   2.7268e+01
   4.7003e+05  -8.9170e+05   2.7338e+01
   4.7121e+05  -8.9400e+05   2.7409e+01
   4.7240e+05  -8.9631e+05   2.7479e+01
   4.7358e+05  -8.9861e+05   2.7549e+01
   4.7476e+05  -9.0092e+05   2.7619e+01
   4.7595e+05  -9.0322e+05   2.7689e+01
   4.7713e+05  -9.0553e+05   2.7759e+01
   4.7831e+05  -9.0783e+05   2.7829e+01
   4.7949e+05  -9.1013e+05   2.7900e+01
   4.8068e+05  -9.1244e+05   2.7970e+01
   4.8186e+05  -9.1474e+05   2.8040e+01
   4.8304e+05  -9.1705e+05   2.8110e+01
   4.8423e+05  -9.1935e+05   2.8180e+01
   4.8541e+05  -9.2166e+05   2.8250e+01
   4.8659e+05  -9.2396e+05   2.8320e+01
   4.8778e+05  -9.2627e+05   2.8391e+01
   4.8896e+05  -9.2857e+05   2.8461e+01
   4.9014e+05  -9.3088e+05   2.8531e+01
   4.9133e+05  -9.3318e+05   2.8601e+01
   4.9251e+05  -9.3549e+05   2.8671e+01
   4.9369e+05  -9.3779e+05   2.8741e+01
   4.9488e+05  -9.4010e+05   2.8811e+01
   4.9606e+05  -9.4240e+05   2.8882e+01
   4.9724e+05  -9.4471e+05   2.8952e+01
   4.9843e+05  -9.4701e+05   2.9022e+01
   4.9961e+05  -9.4932e+05   2.9092e+01
   5.0079e+05  -9.5162e+05   2.9162e+01
   5.0198e+05  -9.5393e+05   2.9232e+01
   5.0316e+05  -9.5623e+05   2.9302e+01
   5.0434e+05  -9.5854e+05   2.9372e+01
   5.0552e+05  -9.6084e+05   2.9443e+01
   5.0671e+05  -9.6315e+05   2.9513e+01
   5.0789e+05  -9.6545e+05   2.9583e+01
   5.0907e+05  -9.6776e+05   2.9653e+01
   5.1026e+05  -9.7006e+05   2.9723e+01
   5.1144e+05  -9.7237e+05   2.9793e+01
   5.1262e+05  -9.7467e+05   2.9863e+01
   5.1381e+05  -9.7697e+05   2.9934e+01
   5.1499e+05  -9.7928e+05   3.0004e+01
   5.1617e+05  -9.8158e+05   3.0074e+01
   5.1736e+05  -9.8389e+05   3.0144e+01
   5.1854e+05  -9.8619e+05   3.0214e+01
   5.1972e+05  -9.8850e+05   3.0284e+01
   5.2091e+05  -9.9080e+05   3.0354e+01
   5.2209e+05  -9.9311e+05   3.0425e+01
   5.2327e+05  -9.9541e+05   3.0495e+01
   5.2446e+05  -9.9772e+05   3.0565e+01
   5.2564e+05  -1.0000e+06   3.0635e+01
   5.2682e+05  -1.0023e+06   3.0705e+01
   5.2801e+05  -1.0046e+06   3.0775e+01
   5.2919e+05  -1.0069e+06   3.0845e+01
   5.3037e+05  -1.0092e+06   3.0916e+01
   5.3156e+05  -1.0115e+06   3.0986e+01
   5.3274e+05  -1.0139e+06   3.1056e+01
   5.3392e+05  -1.0162e+06   3.1126e+01
   5.3510e+05  -1.0185e+06   3.1196e+01
   5.3629e+05  -1.0208e+06   3.1266e+01
   5.3747e+05  -1.0231e+06   3.1336e+01
   5.3865e+05  -1.0254e+06   3.1407e+01
   5.3984e+05  -1.0277e+06   3.1477e+01
   5.4102e+05  -1.0300e+06   3.1547e+01
   5.4220e+05  -1.0323e+06   3.1617e+01
   5.4339e+05  -1.0346e+06   3.1687e+01
   5.4457e+05  -1.0369e+06   3.1757e+01
   5.4575e+05  -1.0392e+06   3.1827e+01
   5.4694e+05  -1.0415e+06   3.1898e+01
   5.4812e+05  -1.0438e+06   3.1968e+01
   5.4930e+05  -1.0461e+06   3.2038e+01
   5.5049e+05  -1.0484e+06   3.2108e+01
   5.5167e+05  -1.0507e+06   3.2178e+01
   5.5285e+05  -1.0530e+06   3.2248e+01
   5.5404e+05  -1.0553e+06   3.2318e+01
   5.5522e+05  -1.0576e+06   3.2389e+01
   5.5640e+05  -1.0599e+06   3.2459e+01
   5.5759e+05  -1.0623e+06   3.2529e+01
   5.5877e+05  -1.0646e+06   3.2599e+01
   5.5995e+05  -1.0669e+06   3.2669e+01
   5.6113e+05  -1.0692e+06   3.2739e+01
   5.6232e+05  -1.0715e+06   3.2809e+01
   5.6350e+05  -1.0738e+06   3.2880e+01
   5.6468e+05  -1.0761e+06   3.2950e+01
   5.6587e+05  -1.0784e+06   3.3020e+01
   5.6705e+05  -1.0807e+06   3.3090e+01
   5.6823e+05  -1.0830e+06   3.3160e+01
   5.6942e+05  -1.0853e+06   3.3230e+01
   5.7060e+05  -1.0876e+06   3.3300e+01
   5.7178e+05  -1.0899e+06   3.3371e+01
   5.7297e+05  -1.0922e+06   3.3441e+01
   5.7415e+05  -1.0945e+06   3.3511e+01
   5.7533e+05  -1.0968e+06   3.3581e+01
   5.7652e+05  -1.0991e+06   3.3651e+01
   5.7770e+05  -1.1014e+06   3.3721e+01
   5.7888e+05  -1.1037e+06   3.3791e+01
   5.8007e+05  -1.1060e+06   3.3862e+01
   5.8125e+05  -1.1083e+06   3.3932e+01
   5.8243e+05  -1.1107e+06   3.4002e+01
   5.8362e+05  -1.1130e+06   3.4072e+01
   5.8480e+05  -1.1153e+06   3.4142e+01
   5.8598e+05  -1.1176e+06   3.4212e+01
   5.8716e+05  -1.1199e+06   3.4282e+01
   5.8835e+05  -1.1222e+06   3.4353e+01
   5.8953e+05  -1.1245e+06   3.4423e+01
   5.9071e+05  -1.1268e+06   3.4493e+01
   5.9190e+05  -1.1291e+06   3.4563e+01
   5.9308e+05  -1.1314e+06   3.4633e+01
   5.9426e+05  -1.1337e+06   3.4703e+01
   5.9545e+05  -1.1360e+06   3.4773e+01
   5.9663e+05  -1.1383e+06   3.4844e+01
   5.9781e+05  -1.1406e+06   3.4914e+01
   5.9900e+05  -1.1429e+06   3.4984e+01
   6.0018e+05  -1.1452e+06   3.5054e+01
   6.0136e+05  -1.1475e+06   3.5124e+01
   6.0255e+05  -1.1498e+06   3.5194e+01
   6.0373e+05  -1.1521e+06   3.5264e+01
   6.0491e+05  -1.1544e+06   3.5334e+01
   6.0610e+05  -1.1568e+06   3.5405e+01
   6.0728e+05  -1.1591e+06   3.5475e+01
   6.0846e+05  -1.1614e+06   3.5545e+01
   6.0965e+05  -1.1637e+06   3.5615e+01
   6.1083e+05  -1.1660e+06   3.5685e+01
   6.1201e+05  -1.1683e+06   3.5755e+01
   6.1320e+05  -1.1706e+06   3.5825e+01
   6.1438e+05  -1.1729e+06   3.5896e+01
   6.1556e+05  -1.1752e+06   3.5966e+01
   6.1674e+05  -1.1775e+06   3.6036e+01
   6.1793e+05  -1.1798e+06   3.6106e+01
   6.1911e+05  -1.1821e+06   3.6176e+01
   6.2029e+05  -1.1844e+06   3.6246e+01
   6.2148e+05  -1.1867e+06   3.6316e+01
   6.2266e+05  -1.1890e+06   3.6387e+01
   6.2384e+05  -1.1913e+06   3.6457e+01
   6.2503e+05  -1.1936e+06   3.6527e+01
   6.2621e+05  -1.1959e+06   3.6597e+01
   6.2739e+05  -1.1982e+06   3.6667e+01
   6.2858e+05  -1.2005e+06   3.6737e+01
   6.2976e+05  -1.2028e+06   3.6807e+01
   6.3094e+05  -1.2052e+06   3.6878e+01
   6.3213e+05  -1.2075e+06   3.6948e+01
   6.3331e+05  -1.2098e+06   3.7018e+01
   6.3449e+05  -1.2121e+06   3.7088e+01
   6.3568e+05  -1.2144e+06   3.7158e+01
   6.3686e+05  -1.2167e+06   3.7228e+01
   6.3804e+05  -1.2190e+06   3.7298e+01
   6.3923e+05  -1.2213e+06   3.7369e+01
   6.4041e+05  -1.2236e+06   3.7439e+01
   6.4159e+05  -1.2259e+06   3.7509e+01
   6.4277e+05  -1.2282e+06   3.7579e+01
   6.4396e+05  -1.2305e+06   3.7649e+01
   6.4514e+05  -1.2328e+06   3.7719e+01
   6.4632e+05  -1.2351e+06   3.7789e+01
   6.4751e+05  -1.2374e+06   3.7860e+01
   6.4869e+05  -1.2397e+06   3.7930e+01
   6.4987e+05  -1.2420e+06   3.8000e+01
   6.5106e+05  -1.2443e+06   3.8070e+01
   6.5224e+05  -1.2466e+06   3.8140e+01
   6.5342e+05  -1.2489e+06   3.8210e+01
   6.5461e+05  -1.2512e+06   3.8280e+01
   6.5579e+05  -1.2536e+06   3.8351e+01
   6.5697e+05  -1.2559e+06   3.8421e+01
   6.5816e+05  -1.2582e+06   3.8491e+01
   6.5934e+05  -1.2605e+06   3.8561e+01
   6.6052e+05  -1.2628e+06   3.8631e+01
   6.6171e+05  -1.2651e+06   3.8701e+01
   6.6289e+05  -1.2674e+06   3.8771e+01
   6.6407e+05  -1.2697e+06   3.8842e+01
   6.6526e+05  -1.2720e+06   3.8912e+01
   6.6644e+05  -1.2743e+06   3.8982e+01
   6.6762e+05  -1.2766e+06   3.9052e+01
   6.6880e+05  -1.2789e+06   3.9122e+01
   6.6999e+05  -1.2812e+06   3.9192e+01
   6.7117e+05  -1.2835e+06   3.9262e+01
   6.7235e+05  -1.2858e+06   3.9333e+01
   6.7354e+05  -1.2881e+06   3.9403e+01
   6.7472e+05  -1.2904e+06   3.9473e+01
   6.7590e+05  -1.2927e+06   3.9543e+01
   6.7709e+05  -1.2950e+06   3.9613e+01
   6.7827e+05  -1.2973e+06   3.9683e+01
   6.7945e+05  -1.2997e+06   3.9753e+01
   6.8064e+05  -1.3020e+06   3.9824e+01
   6.8182e+05  -1.3043e+06   3.9894e+01
   6.8300e+05  -1.3066e+06   3.9964e+01
   6.8419e+05  -1.3089e+06   4.0034e+01
   6.8537e+05  -1.3112e+06   4.0104e+01
   6.8655e+05  -1.3135e+06   4.0174e+01
   6.8774e+05  -1.3158e+06   4.0244e+01
   6.8892e+05  -1.3181e+06   4.0315e+01
   6.9010e+05  -1.3204e+06   4.0385e+01
   6.9129e+05  -1.3227e+06   4.0455e+01
   6.9247e+05  -1.3250e+06   4.0525e+01
   6.9365e+05  -1.3273e+06   4.0595e+01
   6.9484e+05  -1.3296e+06   4.0665e+01
   6.9602e+05  -1.3319e+06   4.0735e+01
   6.9720e+05  -1.3342e+06   4.0806e+01
   6.9838e+05  -1.3365e+06   4.0876e+01
   6.9957e+05  -1.3388e+06   4.0946e+01
   7.0075e+05  -1.3411e+06   4.1016e+01
   7.0193e+05  -1.3434e+06   4.1086e+01
   7.0312e+05  -1.3457e+06   4.1156e+01
   7.0430e+05  -1.3481e+06   4.1226e+01
   7.0548e+05  -1.3504e+06   4.1296e+01
   7.0667e+05  -1.3527e+06   4.1367e+01
   7.0785e+05  -1.3550e+06   4.1437e+01
   7.0903e+05  -1.3573e+06   4.1507e+01
   7.1022e+05  -1.3596e+06   4.1577e+01
   7.1140e+05  -1.3619e+06   4.1647e+01
   7.1258e+05  -1.3642e+06   4.1717e+01
   7.1377e+05  -1.3665e+06   4.1787e+01
   7.1495e+05  -1.3688e+06   4.1858e+01
   7.1613e+05  -1.3711e+06   4.1928e+01
   7.1732e+05  -1.3734e+06   4.1998e+01
   7.1850e+05  -1.3757e+06   4.2068e+01
   7.1968e+05  -1.3780e+06   4.2138e+01
   7.2087e+05  -1.3803e+06   4.2208e+01
   7.2205e+05  -1.3826e+06   4.2278e+01
   7.2323e+05  -1.3849e+06   4.2349e+01
   7.2441e+05  -1.3872e+06   4.2419e+01
   7.2560e+05  -1.3895e+06   4.2489e+01
   7.2678e+05  -1.3918e+06   4.2559e+01
   7.2796e+05  -1.3941e+06   4.2629e+01
   7.2915e+05  -1.3965e+06   4.2699e+01
   7.3033e+05  -1.3988e+06   4.2769e+01
   7.3151e+05  -1.4011e+06   4.2840e+01
   7.3270e+05  -1.4034e+06   4.2910e+01
   7.3388e+05  -1.4057e+06   4.2980e+01
   7.3506e+05  -1.4080e+06   4.3050e+01
   7.3625e+05  -1.4103e+06   4.3120e+01
   7.3743e+05  -1.4126e+06   4.3190e+01
   7.3861e+05  -1.4149e+06   4.3260e+01
   7.3980e+05  -1.4172e+06   4.3331e+01
   7.4098e+05  -1.4195e+06   4.3401e+01
   7.4216e+05  -1.4218e+06   4.3471e+01
   7.4335e+05  -1.4241e+06   4.3541e+01
   7.4453e+05  -1.4264e+06   4.3611e+01
   7.4571e+05  -1.4287e+06   4.3681e+01
   7.4690e+05  -1.4310e+06   4.3751e+01
   7.4808e+05  -1.4333e+06   4.3822e+01
   7.4926e+05  -1.4356e+06   4.3892e+01
   7.5044e+05  -1.4379e+06   4.3962e+01
   7.5163e+05  -1.4402e+06   4.4032e+01
   7.5281e+05  -1.4426e+06   4.4102e+01
   7.5399e+05  -1.4449e+06   4.4172e+01
   7.5518e+05  -1.4472e+06   4.4242e+01
   7.5636e+05  -1.4495e+06   4.4313e+01
   7.5754e+05  -1.4518e+06   4.4383e+01
   7.5873e+05  -1.4541e+06   4.4453e+01
   7.5991e+05  -1.4564e+06   4.4523e+01
   7.6109e+05  -1.4587e+06   4.4593e+01
   7.6228e+05  -1.4610e+06   4.4663e+01
   7.6346e+05  -1.4633e+06   4.4733e+01
   7.6464e+05  -1.4656e+06   4.4804e+01
   7.6583e+05  -1.4679e+06   4.4874e+01
   7.6701e+05  -1.4702e+06   4.4944e+01
   7.6819e+05  -1.4725e+06   4.5014e+01
   7.6938e+05  -1.4748e+06   4.5084e+01
   7.7056e+05  -1.4771e+06   4.5154e+01
   7.7174e+05  -1.4794e+06   4.5224e+01
   7.7293e+05  -1.4817e+06   4.5295e+01
   7.7411e+05  -1.4840e+06   4.5365e+01
   7.7529e+05  -1.4863e+06   4.5435e+01
   7.7647e+05  -1.4886e+06   4.5505e+01
   7.7766e+05  -1.4910e+06   4.5575e+01
   7.7884e+05  -1.4933e+06   4.5645e+01
   7.8002e+05  -1.4956e+06   4.5715e+01
   7.8121e+05  -1.4979e+06   4.5786e+01
   7.8239e+05  -1.5002e+06   4.5856e+01
   7.8357e+05  -1.5025e+06   4.5926e+01
   7.8476e+05  -1.5048e+06   4.5996e+01
   7.8594e+05  -1.5071e+06   4.6066e+01
   7.8712e+05  -1.5094e+06   4.6136e+01
   7.8831e+05  -1.5117e+06   4.6206e+01
   7.8949e+05  -1.5140e+06   4.6277e+01
   7.9067e+05  -1.5163e+06   4.6347e+01
   7.9186e+05  -1.5186e+06   4.6417e+01
   7.9304e+05  -1.5209e+06   4.6487e+01
   7.9422e+05  -1.5232e+06   4.6557e+01
   7.9541e+05  -1.5255e+06   4.6627e+01

