        0
   0.1000
   0.2000
   0.3000
   0.4000
   0.5000
   0.6000
   0.7000
   0.8000
   0.9000

   4.0000e+00   5.0000e+00   6.0000e+00   2.0000e+00   1.0000e+00   7.0000e+00   5.0000e+00   1.0000e+00   2.0000e+00
   5.3215e+01   4.5530e+01   2.1000e-01   1.1650e+01   2.2230e+01   5.0700e+00   1.9475e+01   5.6970e+01  -1.5370e+01
   4.9868e+02   5.6538e+02  -5.6205e+00   2.2729e+02   1.3873e+02   2.1615e+00   5.7594e+02   2.5812e+02  -2.9774e+01
   6.0088e+03   5.4385e+03  -1.0366e+01   1.5891e+03   2.3496e+03  -1.1642e+00   3.1291e+03   5.8541e+03  -3.8431e+01
   5.9125e+04   6.4009e+04  -1.3111e+01   2.4439e+04   1.7928e+04  -4.2652e+00   5.9985e+04   3.6653e+04  -3.9671e+01
   6.8315e+05   6.4132e+05  -1.3326e+01   1.9998e+05   2.5574e+05  -6.5430e+00   4.1984e+05   6.1965e+05  -3.3255e+01
   6.9442e+06   7.3024e+06  -1.0969e+01   2.6897e+06   2.2122e+06  -7.5580e+00   6.4461e+06   4.7350e+06  -2.0420e+01
   7.8155e+07   7.5087e+07  -6.4943e+00   2.4319e+07   2.8408e+07  -7.1143e+00   5.2808e+07   6.7461e+07  -3.6445e+00
   8.1103e+08   8.3730e+08  -7.6666e-01   3.0108e+08   2.6607e+08  -5.2976e+00   7.0957e+08   5.8409e+08   1.3834e+01
   8.9775e+09   8.7526e+09   5.1090e+00   2.9003e+09   3.2002e+09  -2.4584e+00   6.4202e+09   7.4948e+09   2.8643e+01

   1.0000e+00   2.0000e+00   3.0000e+00            0   2.0000e+00   1.0000e+00   5.0000e+00   8.0000e+00   9.0000e+00
   6.3215e+00   6.5530e+00   3.0210e+00   1.1650e+00   4.2230e+00   1.5070e+00   6.9475e+00   1.3697e+01   7.4630e+00
   5.6189e+01   6.3091e+01   2.4589e+00   2.3894e+01   1.8096e+01   1.7231e+00   6.4541e+01   3.9509e+01   4.4856e+00
   6.5707e+02   6.0694e+02   1.4223e+00   1.8280e+02   2.5305e+02   1.6067e+00   3.7745e+02   6.2492e+02   6.4255e-01
   6.5695e+03   7.0079e+03   1.1118e-01   2.6267e+03   2.0459e+03   1.1802e+00   6.3760e+03   4.2902e+03  -3.3245e+00
   7.4885e+04   7.1140e+04  -1.2214e+00   2.2625e+04   2.7620e+04   5.2591e-01   4.8360e+04   6.6255e+04  -6.6500e+00
   7.6930e+05   8.0138e+05  -2.3183e+00   2.9159e+05   2.4884e+05  -2.2989e-01   6.9297e+05   5.3976e+05  -8.6920e+00
   8.5848e+06   8.3101e+06  -2.9677e+00   2.7235e+06   3.0896e+06  -9.4132e-01   5.9738e+06   7.2858e+06  -9.0565e+00
   8.9688e+07   9.2040e+07  -3.0444e+00   3.2832e+07   2.9696e+07  -1.4711e+00   7.6931e+07   6.5695e+07  -7.6730e+00
   9.8744e+08   9.6730e+08  -2.5335e+00   3.2286e+08   3.4971e+08  -1.7169e+00   7.1896e+08   8.1518e+08  -4.8087e+00

