        0
   0.1000
   0.2000
   0.3000
   0.4000
   0.5000
   0.6000
   0.7000
   0.8000
   0.9000
   1.0000
   1.1000
   1.2000
   1.3000
   1.4000
   1.5000
   1.6000
   1.7000
   1.8000
   1.9000
   2.0000
   2.1000
   2.2000
   2.3000
   2.4000
   2.5000
   2.6000
   2.7000
   2.8000
   2.9000
   3.0000
   3.1000
   3.2000
   3.3000
   3.4000
   3.5000
   3.6000
   3.7000
   3.8000
   3.9000
   4.0000
   4.1000
   4.2000
   4.3000
   4.4000
   4.5000
   4.6000
   4.7000
   4.8000
   4.9000
   5.0000
   5.1000
   5.2000
   5.3000
   5.4000
   5.5000
   5.6000
   5.7000
   5.8000
   5.9000
   6.0000
   6.1000
   6.2000
   6.3000
   6.4000
   6.5000
   6.6000
   6.7000
   6.8000
   6.9000
   7.0000
   7.1000
   7.2000
   7.3000
   7.4000
   7.5000
   7.6000
   7.7000
   7.8000
   7.9000
   8.0000
   8.1000
   8.2000
   8.3000
   8.4000
   8.5000
   8.6000
   8.7000
   8.8000
   8.9000
   9.0000
   9.1000
   9.2000
   9.3000
   9.4000
   9.5000
   9.6000
   9.7000
   9.8000
   9.9000

   11.6686  -18.9602         0
    6.9881  -21.3047         0
    1.8644  -22.4927         0
   -3.4198  -22.4467         0
   -8.5700  -21.1579         0
  -13.2968  -18.6869         0
  -17.3315  -15.1609         0
  -20.4420  -10.7677         0
  -22.4455   -5.7452         0
  -23.2197   -0.3687         0
  -22.7101    5.0638         0
  -20.9334   10.2487         0
  -17.9775   14.8935         0
  -13.9973   18.7330         0
   -9.2064   21.5448         0
   -3.8656   23.1619         0
    1.7306   23.4829         0
    7.2711   22.4779         0
   12.4449   20.1909         0
   16.9586   16.7383         0
   20.5532   12.3029         0
   23.0186    7.1240         0
   24.2061    1.4850         0
   24.0372   -4.3023         0
   22.5087   -9.9150         0
   19.6935  -15.0371         0
   15.7373  -19.3769         0
   10.8508  -22.6839         0
    5.2991  -24.7633         0
   -0.6131  -25.4869         0
   -6.5581  -24.8017         0
  -12.2034  -22.7328         0
  -17.2300  -19.3832         0
  -21.3508  -14.9284         0
  -24.3266   -9.6077         0
  -25.9804   -3.7108         0
  -26.2073    2.4372         0
  -24.9816    8.4946         0
  -22.3584   14.1213         0
  -18.4721   18.9983         0
  -13.5285   22.8456         0
   -7.7950   25.4382         0
   -1.5855   26.6196         0
    4.7564   26.3105         0
   10.8766   24.5146         0
   16.4302   21.3189         0
   21.1007   16.8896         0
   24.6182   11.4635         0
   26.7749    5.3354         0
   27.4373   -1.1577         0
   26.5542   -7.6554         0
   24.1609  -13.7935         0
   20.3772  -19.2248         0
   15.4021  -23.6382         0
    9.5031  -26.7772         0
    3.0022  -28.4537         0
   -3.7424  -28.5602         0
  -10.3550  -27.0760         0
  -16.4643  -24.0694         0
  -21.7233  -19.6946         0
  -25.8297  -14.1836         0
  -28.5428   -7.8346         0
  -29.6979   -0.9952         0
  -29.2159    5.9561         0
  -27.1088   12.6312         0
  -23.4794   18.6537         0
  -18.5172   23.6805         0
  -12.4877   27.4209         0
   -5.7190   29.6536         0
    1.4167   30.2398         0
    8.5229   29.1315         0
   15.2013   26.3753         0
   21.0737   22.1105         0
   25.8037   16.5621         0
   29.1157   10.0293         0
   30.8109    2.8690         0
   30.7794   -4.5234         0
   29.0069  -11.7357         0
   25.5765  -18.3620         0
   20.6650  -24.0257         0
   14.5336  -28.4003         0
    7.5145  -31.2287         0
   -0.0074  -32.3380         0
   -7.6155  -31.6499         0
  -14.8843  -29.1861         0
  -21.4038  -25.0680         0
  -26.8017  -19.5109         0
  -30.7653  -12.8123         0
  -33.0594   -5.3369         0
  -33.5400    2.5041         0
  -32.1634   10.2749         0
  -28.9895   17.5398         0
  -24.1795   23.8874         0
  -17.9877   28.9538         0
  -10.7482   32.4434         0
   -2.8567   34.1465         0
    5.2507   33.9512         0
   13.1218   31.8510         0
   20.3136   27.9461         0
   26.4169   22.4388         0

   10.4807    3.5696         0
   11.4550    1.5704         0
   11.9414   -0.6156         0
   11.9072   -2.8691         0
   11.3489   -5.0659         0
   10.2918   -7.0840         0
    8.7896   -8.8103         0
    6.9216  -10.1466         0
    4.7880  -11.0161         0
    2.5049  -11.3672         0
    0.1980  -11.1768         0
   -2.0049  -10.4520         0
   -3.9803   -9.2298         0
   -5.6164   -7.5757         0
   -6.8194   -5.5795         0
   -7.5191   -3.3514         0
   -7.6725   -1.0153         0
   -7.2670    1.2974         0
   -6.3214    3.4558         0
   -4.8845    5.3360         0
   -3.0336    6.8289         0
   -0.8694    7.8459         0
    1.4886    8.3244         0
    3.9088    8.2312         0
    6.2552    7.5650         0
    8.3946    6.3565         0
   10.2038    4.6672         0
   11.5775    2.5858         0
   12.4333    0.2243         0
   12.7173   -2.2891         0
   12.4072   -4.8161         0
   11.5134   -7.2164         0
   10.0794   -9.3557         0
    8.1793  -11.1129         0
    5.9139  -12.3872         0
    3.4054  -13.1038         0
    0.7908  -13.2186         0
   -1.7858  -12.7207         0
   -4.1810  -11.6334         0
   -6.2603  -10.0132         0
   -7.9056   -7.9472         0
   -9.0222   -5.5478         0
   -9.5440   -2.9475         0
   -9.4375   -0.2911         0
   -8.7044    2.2721         0
   -7.3813    4.5966         0
   -5.5382    6.5491         0
   -3.2751    8.0157         0
   -0.7162    8.9088         0
    1.9964    9.1721         0
    4.7108    8.7842         0
    7.2735    7.7598         0
    9.5379    6.1494         0
   11.3732    4.0370         0
   12.6708    1.5354         0
   13.3518   -1.2198         0
   13.3707   -4.0774         0
   12.7188   -6.8791         0
   11.4249   -9.4683         0
    9.5540  -11.6988         0
    7.2039  -13.4430         0
    4.5004  -14.5996         0
    1.5900  -15.0990         0
   -1.3677  -14.9079         0
   -4.2091  -14.0313         0
   -6.7754  -12.5126         0
   -8.9221  -10.4318         0
  -10.5265   -7.9007         0
  -11.4954   -5.0576         0
  -11.7703   -2.0595         0
  -11.3308    0.9264         0
  -10.1966    3.7323         0
   -8.4265    6.1986         0
   -6.1153    8.1836         0
   -3.3892    9.5711         0
   -0.3986   10.2772         0
    2.6897   10.2555         0
    5.7020    9.5002         0
    8.4672    8.0462         0
   10.8265    5.9679         0
   12.6422    3.3757         0
   13.8059    0.4096         0
   14.2447   -2.7683         0
   13.9257   -5.9822         0
   12.8580   -9.0527         0
   11.0928  -11.8070         0
    8.7207  -14.0882         0
    5.8674  -15.7643         0
    2.6865  -16.7363         0
   -0.6485  -16.9433         0
   -3.9540  -16.3671         0
   -7.0463  -15.0327         0
   -9.7519  -13.0083         0
  -11.9173  -10.4010         0
  -13.4180   -7.3517         0
  -14.1655   -4.0271         0
  -14.1126   -0.6113         0
  -13.2567    2.7053         0
  -11.6399    5.7358         0
   -9.3474    8.3076         0

