0 0
1.001001e-03 8.941075e-03
2.002002e-03 8.932042e-03
3.003003e-03 8.922964e-03
4.004004e-03 8.913984e-03
5.005005e-03 8.904938e-03
6.006006e-03 8.895892e-03
7.007007e-03 8.886840e-03
8.008008e-03 8.877829e-03
9.009009e-03 8.868836e-03
1.001001e-02 8.859767e-03
1.101101e-02 8.850761e-03
1.201201e-02 8.841706e-03
1.301301e-02 8.832723e-03
1.401401e-02 8.823683e-03
1.501502e-02 8.814687e-03
1.601602e-02 8.805649e-03
1.701702e-02 8.796594e-03
1.801802e-02 8.787596e-03
1.901902e-02 8.778545e-03
2.002002e-02 8.769557e-03
2.102102e-02 8.760566e-03
2.202202e-02 8.751492e-03
2.302302e-02 8.742490e-03
2.402402e-02 8.733465e-03
2.502503e-02 8.724496e-03
2.602603e-02 8.715474e-03
2.702703e-02 8.706460e-03
2.802803e-02 8.697388e-03
2.902903e-02 8.688426e-03
3.003003e-02 8.679372e-03
3.103103e-02 8.670377e-03
3.203203e-02 8.661407e-03
3.303303e-02 8.652357e-03
3.403403e-02 8.643357e-03
3.503504e-02 8.634349e-03
3.603604e-02 8.625327e-03
3.703704e-02 8.616339e-03
3.803804e-02 8.607307e-03
3.903904e-02 8.598323e-03
4.004004e-02 8.589294e-03
4.104104e-02 8.580301e-03
4.204204e-02 8.571296e-03
4.304304e-02 8.562286e-03
4.404404e-02 8.553271e-03
4.504505e-02 8.544303e-03
4.604605e-02 8.535251e-03
4.704705e-02 8.526273e-03
4.804805e-02 8.517284e-03
4.904905e-02 8.508251e-03
5.005005e-02 8.499257e-03
5.105105e-02 8.490255e-03
5.205205e-02 8.481255e-03
5.305305e-02 8.472260e-03
5.405405e-02 8.463267e-03
5.505506e-02 8.454267e-03
5.605606e-02 8.445245e-03
5.705706e-02 8.436240e-03
5.805806e-02 8.427286e-03
5.905906e-02 8.418291e-03
6.006006e-02 8.409276e-03
6.106106e-02 8.400259e-03
6.206206e-02 8.391310e-03
6.306306e-02 8.382316e-03
6.406406e-02 8.373275e-03
6.506507e-02 8.364303e-03
6.606607e-02 8.355270e-03
6.706707e-02 8.346278e-03
6.806807e-02 8.337308e-03
6.906907e-02 8.328332e-03
7.007007e-02 8.319320e-03
7.107107e-02 8.310355e-03
7.207207e-02 8.301366e-03
7.307307e-02 8.292365e-03
7.407407e-02 8.283363e-03
7.507508e-02 8.274362e-03
7.607608e-02 8.265362e-03
7.707708e-02 8.256386e-03
7.807808e-02 8.247395e-03
7.907908e-02 8.238402e-03
8.008008e-02 8.229419e-03
8.108108e-02 8.220450e-03
8.208208e-02 8.211468e-03
8.308308e-02 8.202467e-03
8.408408e-02 8.193501e-03
8.508509e-02 8.184468e-03
8.608609e-02 8.175499e-03
8.708709e-02 8.166516e-03
8.808809e-02 8.157521e-03
8.908909e-02 8.148546e-03
9.009009e-02 8.139558e-03
9.109109e-02 8.130578e-03
9.209209e-02 8.121594e-03
9.309309e-02 8.112620e-03
9.409409e-02 8.103637e-03
9.509510e-02 8.094620e-03
9.609610e-02 8.085662e-03
9.709710e-02 8.076670e-03
9.809810e-02 8.067700e-03
9.909910e-02 8.058710e-03
1.001001e-01 8.049749e-03
1.011011e-01 8.040769e-03
1.021021e-01 8.031779e-03
1.031031e-01 8.022785e-03
1.041041e-01 8.013818e-03
1.051051e-01 8.004847e-03
1.061061e-01 7.995867e-03
1.071071e-01 7.986899e-03
1.081081e-01 7.977900e-03
1.091091e-01 7.968945e-03
1.101101e-01 7.959924e-03
1.111111e-01 7.950936e-03
1.121121e-01 7.941953e-03
1.131131e-01 7.932977e-03
1.141141e-01 7.924005e-03
1.151151e-01 7.915032e-03
1.161161e-01 7.906047e-03
1.171171e-01 7.897100e-03
1.181181e-01 7.888114e-03
1.191191e-01 7.879131e-03
1.201201e-01 7.870159e-03
1.211211e-01 7.861204e-03
1.221221e-01 7.852208e-03
1.231231e-01 7.843229e-03
1.241241e-01 7.834265e-03
1.251251e-01 7.825308e-03
1.261261e-01 7.816319e-03
1.271271e-01 7.807346e-03
1.281281e-01 7.798372e-03
1.291291e-01 7.789410e-03
1.301301e-01 7.780409e-03
1.311311e-01 7.771434e-03
1.321321e-01 7.762460e-03
1.331331e-01 7.753487e-03
1.341341e-01 7.744513e-03
1.351351e-01 7.735533e-03
1.361361e-01 7.726570e-03
1.371371e-01 7.717614e-03
1.381381e-01 7.708624e-03
1.391391e-01 7.699657e-03
1.401401e-01 7.690698e-03
1.411411e-01 7.681725e-03
1.421421e-01 7.672762e-03
1.431431e-01 7.663782e-03
1.441441e-01 7.654820e-03
1.451451e-01 7.645844e-03
1.461461e-01 7.636883e-03
1.471471e-01 7.627916e-03
1.481481e-01 7.618937e-03
1.491491e-01 7.609966e-03
1.501502e-01 7.600977e-03
1.511512e-01 7.592016e-03
1.521522e-01 7.583037e-03
1.531532e-01 7.574080e-03
1.541542e-01 7.565111e-03
1.551552e-01 7.556137e-03
1.561562e-01 7.547178e-03
1.571572e-01 7.538206e-03
1.581582e-01 7.529238e-03
1.591592e-01 7.520272e-03
1.601602e-01 7.511305e-03
1.611612e-01 7.502346e-03
1.621622e-01 7.493373e-03
1.631632e-01 7.484406e-03
1.641642e-01 7.475449e-03
1.651652e-01 7.466473e-03
1.661662e-01 7.457509e-03
1.671672e-01 7.448552e-03
1.681682e-01 7.439585e-03
1.691692e-01 7.430616e-03
1.701702e-01 7.421622e-03
1.711712e-01 7.412668e-03
1.721722e-01 7.403697e-03
1.731732e-01 7.394740e-03
1.741742e-01 7.385768e-03
1.751752e-01 7.376808e-03
1.761762e-01 7.367840e-03
1.771772e-01 7.358875e-03
1.781782e-01 7.349920e-03
1.791792e-01 7.340950e-03
1.801802e-01 7.331985e-03
1.811812e-01 7.323027e-03
1.821822e-01 7.314062e-03
1.831832e-01 7.305104e-03
1.841842e-01 7.296136e-03
1.851852e-01 7.287168e-03
1.861862e-01 7.278209e-03
1.871872e-01 7.269253e-03
1.881882e-01 7.260291e-03
1.891892e-01 7.251326e-03
1.901902e-01 7.242347e-03
1.911912e-01 7.233386e-03
1.921922e-01 7.224412e-03
1.931932e-01 7.215454e-03
1.941942e-01 7.206494e-03
1.951952e-01 7.197527e-03
1.961962e-01 7.188563e-03
1.971972e-01 7.179608e-03
1.981982e-01 7.170641e-03
1.991992e-01 7.161679e-03
2.002002e-01 7.152728e-03
2.012012e-01 7.143758e-03
2.022022e-01 7.134800e-03
2.032032e-01 7.125839e-03
2.042042e-01 7.116873e-03
2.052052e-01 7.107913e-03
2.062062e-01 7.098955e-03
2.072072e-01 7.089993e-03
2.082082e-01 7.081035e-03
2.092092e-01 7.072079e-03
2.102102e-01 7.063116e-03
2.112112e-01 7.054157e-03
2.122122e-01 7.045198e-03
2.132132e-01 7.036233e-03
2.142142e-01 7.027277e-03
2.152152e-01 7.018314e-03
2.162162e-01 7.009357e-03
2.172172e-01 7.000395e-03
2.182182e-01 6.991439e-03
2.192192e-01 6.982477e-03
2.202202e-01 6.973493e-03
2.212212e-01 6.964532e-03
2.222222e-01 6.955571e-03
2.232232e-01 6.946615e-03
2.242242e-01 6.937659e-03
2.252252e-01 6.928699e-03
2.262262e-01 6.919737e-03
2.272272e-01 6.910782e-03
2.282282e-01 6.901824e-03
2.292292e-01 6.892863e-03
2.302302e-01 6.883903e-03
2.312312e-01 6.874942e-03
2.322322e-01 6.865989e-03
2.332332e-01 6.857032e-03
2.342342e-01 6.848072e-03
2.352352e-01 6.839115e-03
2.362362e-01 6.830155e-03
2.372372e-01 6.821196e-03
2.382382e-01 6.812242e-03
2.392392e-01 6.803284e-03
2.402402e-01 6.794322e-03
2.412412e-01 6.785367e-03
2.422422e-01 6.776405e-03
2.432432e-01 6.767451e-03
2.442442e-01 6.758496e-03
2.452452e-01 6.749538e-03
2.462462e-01 6.740575e-03
2.472472e-01 6.731618e-03
2.482482e-01 6.722664e-03
2.492492e-01 6.713706e-03
2.502503e-01 6.704746e-03
2.512513e-01 6.695792e-03
2.522523e-01 6.686837e-03
2.532533e-01 6.677879e-03
2.542543e-01 6.668924e-03
2.552553e-01 6.659962e-03
2.562563e-01 6.651005e-03
2.572573e-01 6.642047e-03
2.582583e-01 6.633092e-03
2.592593e-01 6.624134e-03
2.602603e-01 6.615166e-03
2.612613e-01 6.606204e-03
2.622623e-01 6.597254e-03
2.632633e-01 6.588292e-03
2.642643e-01 6.579339e-03
2.652653e-01 6.570385e-03
2.662663e-01 6.561426e-03
2.672673e-01 6.552473e-03
2.682683e-01 6.543513e-03
2.692693e-01 6.534556e-03
2.702703e-01 6.525604e-03
2.712713e-01 6.516648e-03
2.722723e-01 6.507690e-03
2.732733e-01 6.498735e-03
2.742743e-01 6.489782e-03
2.752753e-01 6.480822e-03
2.762763e-01 6.471866e-03
2.772773e-01 6.462912e-03
2.782783e-01 6.453958e-03
2.792793e-01 6.445000e-03
2.802803e-01 6.436045e-03
2.812813e-01 6.427089e-03
2.822823e-01 6.418134e-03
2.832833e-01 6.409180e-03
2.842843e-01 6.400224e-03
2.852853e-01 6.391270e-03
2.862863e-01 6.382315e-03
2.872873e-01 6.373357e-03
2.882883e-01 6.364403e-03
2.892893e-01 6.355448e-03
2.902903e-01 6.346494e-03
2.912913e-01 6.337538e-03
2.922923e-01 6.328585e-03
2.932933e-01 6.319628e-03
2.942943e-01 6.310673e-03
2.952953e-01 6.301720e-03
2.962963e-01 6.292764e-03
2.972973e-01 6.283809e-03
2.982983e-01 6.274856e-03
2.992993e-01 6.265901e-03
3.003003e-01 6.256934e-03
3.013013e-01 6.247980e-03
3.023023e-01 6.239024e-03
3.033033e-01 6.230069e-03
3.043043e-01 6.221116e-03
3.053053e-01 6.212163e-03
3.063063e-01 6.203207e-03
3.073073e-01 6.194253e-03
3.083083e-01 6.185297e-03
3.093093e-01 6.176343e-03
3.103103e-01 6.167389e-03
3.113113e-01 6.158435e-03
3.123123e-01 6.149481e-03
3.133133e-01 6.140527e-03
3.143143e-01 6.131572e-03
3.153153e-01 6.122619e-03
3.163163e-01 6.113666e-03
3.173173e-01 6.104711e-03
3.183183e-01 6.095760e-03
3.193193e-01 6.086804e-03
3.203203e-01 6.077849e-03
3.213213e-01 6.068898e-03
3.223223e-01 6.059943e-03
3.233233e-01 6.050988e-03
3.243243e-01 6.042034e-03
3.253253e-01 6.033080e-03
3.263263e-01 6.024128e-03
3.273273e-01 6.015175e-03
3.283283e-01 6.006218e-03
3.293293e-01 5.997267e-03
3.303303e-01 5.988312e-03
3.313313e-01 5.979358e-03
3.323323e-01 5.970405e-03
3.333333e-01 5.961451e-03
3.343343e-01 5.952498e-03
3.353353e-01 5.943546e-03
3.363363e-01 5.934592e-03
3.373373e-01 5.925637e-03
3.383383e-01 5.916686e-03
3.393393e-01 5.907733e-03
3.403403e-01 5.898770e-03
3.413413e-01 5.889816e-03
3.423423e-01 5.880864e-03
3.433433e-01 5.871911e-03
3.443443e-01 5.862958e-03
3.453453e-01 5.854004e-03
3.463463e-01 5.845053e-03
3.473473e-01 5.836099e-03
3.483483e-01 5.827146e-03
3.493493e-01 5.818193e-03
3.503504e-01 5.809239e-03
3.513514e-01 5.800286e-03
3.523524e-01 5.791333e-03
3.533534e-01 5.782379e-03
3.543544e-01 5.773428e-03
3.553554e-01 5.764474e-03
3.563564e-01 5.755522e-03
3.573574e-01 5.746569e-03
3.583584e-01 5.737616e-03
3.593594e-01 5.728663e-03
3.603604e-01 5.719711e-03
3.613614e-01 5.710758e-03
3.623624e-01 5.701805e-03
3.633634e-01 5.692852e-03
3.643644e-01 5.683899e-03
3.653654e-01 5.674946e-03
3.663664e-01 5.665993e-03
3.673674e-01 5.657040e-03
3.683684e-01 5.648087e-03
3.693694e-01 5.639135e-03
3.703704e-01 5.630182e-03
3.713714e-01 5.621231e-03
3.723724e-01 5.612278e-03
3.733734e-01 5.603325e-03
3.743744e-01 5.594373e-03
3.753754e-01 5.585420e-03
3.763764e-01 5.576467e-03
3.773774e-01 5.567514e-03
3.783784e-01 5.558562e-03
3.793794e-01 5.549610e-03
3.803804e-01 5.540653e-03
3.813814e-01 5.531699e-03
3.823824e-01 5.522748e-03
3.833834e-01 5.513794e-03
3.843844e-01 5.504842e-03
3.853854e-01 5.495890e-03
3.863864e-01 5.486938e-03
3.873874e-01 5.477985e-03
3.883884e-01 5.469033e-03
3.893894e-01 5.460082e-03
3.903904e-01 5.451129e-03
3.913914e-01 5.442176e-03
3.923924e-01 5.433224e-03
3.933934e-01 5.424272e-03
3.943944e-01 5.415320e-03
3.953954e-01 5.406368e-03
3.963964e-01 5.397416e-03
3.973974e-01 5.388463e-03
3.983984e-01 5.379511e-03
3.993994e-01 5.370558e-03
4.004004e-01 5.361608e-03
4.014014e-01 5.352650e-03
4.024024e-01 5.343702e-03
4.034034e-01 5.334746e-03
4.044044e-01 5.325798e-03
4.054054e-01 5.316842e-03
4.064064e-01 5.307894e-03
4.074074e-01 5.298938e-03
4.084084e-01 5.289991e-03
4.094094e-01 5.281034e-03
4.104104e-01 5.272086e-03
4.114114e-01 5.263130e-03
4.124124e-01 5.254183e-03
4.134134e-01 5.245226e-03
4.144144e-01 5.236279e-03
4.154154e-01 5.227323e-03
4.164164e-01 5.218374e-03
4.174174e-01 5.209419e-03
4.184184e-01 5.200471e-03
4.194194e-01 5.191515e-03
4.204204e-01 5.182567e-03
4.214214e-01 5.173612e-03
4.224224e-01 5.164663e-03
4.234234e-01 5.155708e-03
4.244244e-01 5.146760e-03
4.254254e-01 5.137804e-03
4.264264e-01 5.128856e-03
4.274274e-01 5.119900e-03
4.284284e-01 5.110952e-03
4.294294e-01 5.101997e-03
4.304304e-01 5.093049e-03
4.314314e-01 5.084093e-03
4.324324e-01 5.075145e-03
4.334334e-01 5.066190e-03
4.344344e-01 5.057242e-03
4.354354e-01 5.048286e-03
4.364364e-01 5.039338e-03
4.374374e-01 5.030383e-03
4.384384e-01 5.021435e-03
4.394394e-01 5.012480e-03
4.404404e-01 5.003525e-03
4.414414e-01 4.994577e-03
4.424424e-01 4.985622e-03
4.434434e-01 4.976674e-03
4.444444e-01 4.967718e-03
4.454454e-01 4.958770e-03
4.464464e-01 4.949816e-03
4.474474e-01 4.940866e-03
4.484484e-01 4.931912e-03
4.494494e-01 4.922964e-03
4.504505e-01 4.914009e-03
4.514515e-01 4.905060e-03
4.524525e-01 4.896106e-03
4.534535e-01 4.887157e-03
4.544545e-01 4.878203e-03
4.554555e-01 4.869254e-03
4.564565e-01 4.860300e-03
4.574575e-01 4.851352e-03
4.584585e-01 4.842397e-03
4.594595e-01 4.833449e-03
4.604605e-01 4.824495e-03
4.614615e-01 4.815545e-03
4.624625e-01 4.806592e-03
4.634635e-01 4.797642e-03
4.644645e-01 4.788688e-03
4.654655e-01 4.779740e-03
4.664665e-01 4.770786e-03
4.674675e-01 4.761836e-03
4.684685e-01 4.752883e-03
4.694695e-01 4.743933e-03
4.704705e-01 4.734980e-03
4.714715e-01 4.726031e-03
4.724725e-01 4.717077e-03
4.734735e-01 4.708128e-03
4.744745e-01 4.699175e-03
4.754755e-01 4.690225e-03
4.764765e-01 4.681271e-03
4.774775e-01 4.672323e-03
4.784785e-01 4.663369e-03
4.794795e-01 4.654419e-03
4.804805e-01 4.645466e-03
4.814815e-01 4.636513e-03
4.824825e-01 4.627564e-03
4.834835e-01 4.618610e-03
4.844845e-01 4.609661e-03
4.854855e-01 4.600708e-03
4.864865e-01 4.591758e-03
4.874875e-01 4.582805e-03
4.884885e-01 4.573856e-03
4.894895e-01 4.564903e-03
4.904905e-01 4.555953e-03
4.914915e-01 4.547000e-03
4.924925e-01 4.538050e-03
4.934935e-01 4.529098e-03
4.944945e-01 4.520148e-03
4.954955e-01 4.511195e-03
4.964965e-01 4.502246e-03
4.974975e-01 4.493293e-03
4.984985e-01 4.484343e-03
4.994995e-01 4.475390e-03
5.005005e-01 4.466440e-03
5.015015e-01 4.457488e-03
5.025025e-01 4.448538e-03
5.035035e-01 4.439585e-03
5.045045e-01 4.430636e-03
5.055055e-01 4.421683e-03
5.065065e-01 4.412733e-03
5.075075e-01 4.403780e-03
5.085085e-01 4.394831e-03
5.095095e-01 4.385878e-03
5.105105e-01 4.376928e-03
5.115115e-01 4.367976e-03
5.125125e-01 4.359026e-03
5.135135e-01 4.350073e-03
5.145145e-01 4.341123e-03
5.155155e-01 4.332171e-03
5.165165e-01 4.323221e-03
5.175175e-01 4.314269e-03
5.185185e-01 4.305319e-03
5.195195e-01 4.296366e-03
5.205205e-01 4.287414e-03
5.215215e-01 4.278464e-03
5.225225e-01 4.269512e-03
5.235235e-01 4.260562e-03
5.245245e-01 4.251609e-03
5.255255e-01 4.242660e-03
5.265265e-01 4.233707e-03
5.275275e-01 4.224758e-03
5.285285e-01 4.215805e-03
5.295295e-01 4.206855e-03
5.305305e-01 4.197903e-03
5.315315e-01 4.188953e-03
5.325325e-01 4.180001e-03
5.335335e-01 4.171051e-03
5.345345e-01 4.162099e-03
5.355355e-01 4.153149e-03
5.365365e-01 4.144197e-03
5.375375e-01 4.135247e-03
5.385385e-01 4.126295e-03
5.395395e-01 4.117344e-03
5.405405e-01 4.108392e-03
5.415415e-01 4.099442e-03
5.425425e-01 4.090490e-03
5.435435e-01 4.081540e-03
5.445445e-01 4.072588e-03
5.455455e-01 4.063638e-03
5.465465e-01 4.054686e-03
5.475475e-01 4.045736e-03
5.485485e-01 4.036784e-03
5.495495e-01 4.027834e-03
5.505506e-01 4.018882e-03
5.515516e-01 4.009932e-03
5.525526e-01 4.000980e-03
5.535536e-01 3.992030e-03
5.545546e-01 3.983078e-03
5.555556e-01 3.974128e-03
5.565566e-01 3.965176e-03
5.575576e-01 3.956226e-03
5.585586e-01 3.947274e-03
5.595596e-01 3.938324e-03
5.605606e-01 3.929372e-03
5.615616e-01 3.920420e-03
5.625626e-01 3.911470e-03
5.635636e-01 3.902518e-03
5.645646e-01 3.893568e-03
5.655656e-01 3.884616e-03
5.665666e-01 3.875666e-03
5.675676e-01 3.866714e-03
5.685686e-01 3.857764e-03
5.695696e-01 3.848812e-03
5.705706e-01 3.839862e-03
5.715716e-01 3.830910e-03
5.725726e-01 3.821960e-03
5.735736e-01 3.813008e-03
5.745746e-01 3.804058e-03
5.755756e-01 3.795107e-03
5.765766e-01 3.786156e-03
5.775776e-01 3.777205e-03
5.785786e-01 3.768255e-03
5.795796e-01 3.759303e-03
5.805806e-01 3.750353e-03
5.815816e-01 3.741401e-03
5.825826e-01 3.732451e-03
5.835836e-01 3.723499e-03
5.845846e-01 3.714549e-03
5.855856e-01 3.705597e-03
5.865866e-01 3.696647e-03
5.875876e-01 3.687695e-03
5.885886e-01 3.678745e-03
5.895896e-01 3.669794e-03
5.905906e-01 3.660843e-03
5.915916e-01 3.651892e-03
5.925926e-01 3.642941e-03
5.935936e-01 3.633990e-03
5.945946e-01 3.625040e-03
5.955956e-01 3.616088e-03
5.965966e-01 3.607138e-03
5.975976e-01 3.598186e-03
5.985986e-01 3.589236e-03
5.995996e-01 3.580284e-03
6.006006e-01 3.571333e-03
6.016016e-01 3.562383e-03
6.026026e-01 3.553431e-03
6.036036e-01 3.544481e-03
6.046046e-01 3.535529e-03
6.056056e-01 3.526579e-03
6.066066e-01 3.517628e-03
6.076076e-01 3.508677e-03
6.086086e-01 3.499726e-03
6.096096e-01 3.490776e-03
6.106106e-01 3.481824e-03
6.116116e-01 3.472874e-03
6.126126e-01 3.463922e-03
6.136136e-01 3.454972e-03
6.146146e-01 3.446021e-03
6.156156e-01 3.437070e-03
6.166166e-01 3.428119e-03
6.176176e-01 3.419168e-03
6.186186e-01 3.410217e-03
6.196196e-01 3.401267e-03
6.206206e-01 3.392315e-03
6.216216e-01 3.383365e-03
6.226226e-01 3.374414e-03
6.236236e-01 3.365463e-03
6.246246e-01 3.356512e-03
6.256256e-01 3.347562e-03
6.266266e-01 3.338610e-03
6.276276e-01 3.329660e-03
6.286286e-01 3.320709e-03
6.296296e-01 3.311758e-03
6.306306e-01 3.302807e-03
6.316316e-01 3.293856e-03
6.326326e-01 3.284905e-03
6.336336e-01 3.275955e-03
6.346346e-01 3.267003e-03
6.356356e-01 3.258053e-03
6.366366e-01 3.249102e-03
6.376376e-01 3.240151e-03
6.386386e-01 3.231200e-03
6.396396e-01 3.222250e-03
6.406406e-01 3.213298e-03
6.416416e-01 3.204347e-03
6.426426e-01 3.195397e-03
6.436436e-01 3.186446e-03
6.446446e-01 3.177495e-03
6.456456e-01 3.168544e-03
6.466466e-01 3.159593e-03
6.476476e-01 3.150642e-03
6.486486e-01 3.141692e-03
6.496496e-01 3.132741e-03
6.506507e-01 3.123790e-03
6.516517e-01 3.114839e-03
6.526527e-01 3.105889e-03
6.536537e-01 3.096937e-03
6.546547e-01 3.087987e-03
6.556557e-01 3.079036e-03
6.566567e-01 3.070085e-03
6.576577e-01 3.061134e-03
6.586587e-01 3.052184e-03
6.596597e-01 3.043232e-03
6.606607e-01 3.034282e-03
6.616617e-01 3.025331e-03
6.626627e-01 3.016380e-03
6.636637e-01 3.007429e-03
6.646647e-01 2.998479e-03
6.656657e-01 2.989528e-03
6.666667e-01 2.980577e-03
6.676677e-01 2.971626e-03
6.686687e-01 2.962675e-03
6.696697e-01 2.953724e-03
6.706707e-01 2.944774e-03
6.716717e-01 2.935823e-03
6.726727e-01 2.926872e-03
6.736737e-01 2.917921e-03
6.746747e-01 2.908971e-03
6.756757e-01 2.900020e-03
6.766767e-01 2.891069e-03
6.776777e-01 2.882118e-03
6.786787e-01 2.873167e-03
6.796797e-01 2.864216e-03
6.806807e-01 2.855265e-03
6.816817e-01 2.846315e-03
6.826827e-01 2.837364e-03
6.836837e-01 2.828413e-03
6.846847e-01 2.819462e-03
6.856857e-01 2.810512e-03
6.866867e-01 2.801561e-03
6.876877e-01 2.792610e-03
6.886887e-01 2.783659e-03
6.896897e-01 2.774709e-03
6.906907e-01 2.765758e-03
6.916917e-01 2.756807e-03
6.926927e-01 2.747856e-03
6.936937e-01 2.738905e-03
6.946947e-01 2.729954e-03
6.956957e-01 2.721004e-03
6.966967e-01 2.712053e-03
6.976977e-01 2.703102e-03
6.986987e-01 2.694151e-03
6.996997e-01 2.685201e-03
7.007007e-01 2.676250e-03
7.017017e-01 2.667299e-03
7.027027e-01 2.658348e-03
7.037037e-01 2.649398e-03
7.047047e-01 2.640447e-03
7.057057e-01 2.631496e-03
7.067067e-01 2.622545e-03
7.077077e-01 2.613594e-03
7.087087e-01 2.604644e-03
7.097097e-01 2.595693e-03
7.107107e-01 2.586742e-03
7.117117e-01 2.577791e-03
7.127127e-01 2.568840e-03
7.137137e-01 2.559890e-03
7.147147e-01 2.550939e-03
7.157157e-01 2.541988e-03
7.167167e-01 2.533037e-03
7.177177e-01 2.524087e-03
7.187187e-01 2.515136e-03
7.197197e-01 2.506185e-03
7.207207e-01 2.497234e-03
7.217217e-01 2.488283e-03
7.227227e-01 2.479333e-03
7.237237e-01 2.470382e-03
7.247247e-01 2.461431e-03
7.257257e-01 2.452480e-03
7.267267e-01 2.443530e-03
7.277277e-01 2.434579e-03
7.287287e-01 2.425628e-03
7.297297e-01 2.416677e-03
7.307307e-01 2.407727e-03
7.317317e-01 2.398776e-03
7.327327e-01 2.389825e-03
7.337337e-01 2.380874e-03
7.347347e-01 2.371924e-03
7.357357e-01 2.362973e-03
7.367367e-01 2.354022e-03
7.377377e-01 2.345071e-03
7.387387e-01 2.336121e-03
7.397397e-01 2.327170e-03
7.407407e-01 2.318219e-03
7.417417e-01 2.309268e-03
7.427427e-01 2.300318e-03
7.437437e-01 2.291367e-03
7.447447e-01 2.282416e-03
7.457457e-01 2.273465e-03
7.467467e-01 2.264515e-03
7.477477e-01 2.255564e-03
7.487487e-01 2.246613e-03
7.497497e-01 2.237662e-03
7.507508e-01 2.228712e-03
7.517518e-01 2.219761e-03
7.527528e-01 2.210810e-03
7.537538e-01 2.201859e-03
7.547548e-01 2.192909e-03
7.557558e-01 2.183958e-03
7.567568e-01 2.175007e-03
7.577578e-01 2.166056e-03
7.587588e-01 2.157106e-03
7.597598e-01 2.148155e-03
7.607608e-01 2.139204e-03
7.617618e-01 2.130253e-03
7.627628e-01 2.121302e-03
7.637638e-01 2.112352e-03
7.647648e-01 2.103401e-03
7.657658e-01 2.094450e-03
7.667668e-01 2.085499e-03
7.677678e-01 2.076549e-03
7.687688e-01 2.067598e-03
7.697698e-01 2.058647e-03
7.707708e-01 2.049696e-03
7.717718e-01 2.040746e-03
7.727728e-01 2.031795e-03
7.737738e-01 2.022844e-03
7.747748e-01 2.013893e-03
7.757758e-01 2.004943e-03
7.767768e-01 1.995992e-03
7.777778e-01 1.987041e-03
7.787788e-01 1.978090e-03
7.797798e-01 1.969140e-03
7.807808e-01 1.960189e-03
7.817818e-01 1.951238e-03
7.827828e-01 1.942288e-03
7.837838e-01 1.933337e-03
7.847848e-01 1.924386e-03
7.857858e-01 1.915435e-03
7.867868e-01 1.906485e-03
7.877878e-01 1.897534e-03
7.887888e-01 1.888583e-03
7.897898e-01 1.879632e-03
7.907908e-01 1.870682e-03
7.917918e-01 1.861731e-03
7.927928e-01 1.852780e-03
7.937938e-01 1.843830e-03
7.947948e-01 1.834879e-03
7.957958e-01 1.825928e-03
7.967968e-01 1.816977e-03
7.977978e-01 1.808027e-03
7.987988e-01 1.799076e-03
7.997998e-01 1.790125e-03
8.008008e-01 1.781174e-03
8.018018e-01 1.772224e-03
8.028028e-01 1.763273e-03
8.038038e-01 1.754322e-03
8.048048e-01 1.745371e-03
8.058058e-01 1.736421e-03
8.068068e-01 1.727470e-03
8.078078e-01 1.718519e-03
8.088088e-01 1.709568e-03
8.098098e-01 1.700618e-03
8.108108e-01 1.691667e-03
8.118118e-01 1.682716e-03
8.128128e-01 1.673766e-03
8.138138e-01 1.664815e-03
8.148148e-01 1.655864e-03
8.158158e-01 1.646913e-03
8.168168e-01 1.637963e-03
8.178178e-01 1.629012e-03
8.188188e-01 1.620061e-03
8.198198e-01 1.611110e-03
8.208208e-01 1.602160e-03
8.218218e-01 1.593209e-03
8.228228e-01 1.584258e-03
8.238238e-01 1.575307e-03
8.248248e-01 1.566357e-03
8.258258e-01 1.557406e-03
8.268268e-01 1.548455e-03
8.278278e-01 1.539505e-03
8.288288e-01 1.530554e-03
8.298298e-01 1.521603e-03
8.308308e-01 1.512652e-03
8.318318e-01 1.503702e-03
8.328328e-01 1.494751e-03
8.338338e-01 1.485800e-03
8.348348e-01 1.476849e-03
8.358358e-01 1.467899e-03
8.368368e-01 1.458948e-03
8.378378e-01 1.449997e-03
8.388388e-01 1.441046e-03
8.398398e-01 1.432096e-03
8.408408e-01 1.423145e-03
8.418418e-01 1.414194e-03
8.428428e-01 1.405244e-03
8.438438e-01 1.396293e-03
8.448448e-01 1.387342e-03
8.458458e-01 1.378391e-03
8.468468e-01 1.369441e-03
8.478478e-01 1.360490e-03
8.488488e-01 1.351539e-03
8.498498e-01 1.342588e-03
8.508509e-01 1.333638e-03
8.518519e-01 1.324687e-03
8.528529e-01 1.315736e-03
8.538539e-01 1.306786e-03
8.548549e-01 1.297835e-03
8.558559e-01 1.288884e-03
8.568569e-01 1.279934e-03
8.578579e-01 1.270983e-03
8.588589e-01 1.262032e-03
8.598599e-01 1.253081e-03
8.608609e-01 1.244131e-03
8.618619e-01 1.235180e-03
8.628629e-01 1.226229e-03
8.638639e-01 1.217278e-03
8.648649e-01 1.208328e-03
8.658659e-01 1.199377e-03
8.668669e-01 1.190426e-03
8.678679e-01 1.181476e-03
8.688689e-01 1.172525e-03
8.698699e-01 1.163574e-03
8.708709e-01 1.154623e-03
8.718719e-01 1.145673e-03
8.728729e-01 1.136722e-03
8.738739e-01 1.127771e-03
8.748749e-01 1.118821e-03
8.758759e-01 1.109870e-03
8.768769e-01 1.100919e-03
8.778779e-01 1.091968e-03
8.788789e-01 1.083018e-03
8.798799e-01 1.074067e-03
8.808809e-01 1.065116e-03
8.818819e-01 1.056165e-03
8.828829e-01 1.047215e-03
8.838839e-01 1.038264e-03
8.848849e-01 1.029313e-03
8.858859e-01 1.020363e-03
8.868869e-01 1.011412e-03
8.878879e-01 1.002461e-03
8.888889e-01 9.935104e-04
8.898899e-01 9.845597e-04
8.908909e-01 9.756090e-04
8.918919e-01 9.666583e-04
8.928929e-01 9.577075e-04
8.938939e-01 9.487568e-04
8.948949e-01 9.398062e-04
8.958959e-01 9.308555e-04
8.968969e-01 9.219047e-04
8.978979e-01 9.129540e-04
8.988989e-01 9.040033e-04
8.998999e-01 8.950526e-04
9.009009e-01 8.861018e-04
9.019019e-01 8.771511e-04
9.029029e-01 8.682004e-04
9.039039e-01 8.592497e-04
9.049049e-01 8.502989e-04
9.059059e-01 8.413482e-04
9.069069e-01 8.323976e-04
9.079079e-01 8.234469e-04
9.089089e-01 8.144961e-04
9.099099e-01 8.055454e-04
9.109109e-01 7.965947e-04
9.119119e-01 7.876440e-04
9.129129e-01 7.786932e-04
9.139139e-01 7.697425e-04
9.149149e-01 7.607918e-04
9.159159e-01 7.518411e-04
9.169169e-01 7.428903e-04
9.179179e-01 7.339397e-04
9.189189e-01 7.249890e-04
9.199199e-01 7.160383e-04
9.209209e-01 7.070875e-04
9.219219e-01 6.981368e-04
9.229229e-01 6.891861e-04
9.239239e-01 6.802353e-04
9.249249e-01 6.712846e-04
9.259259e-01 6.623339e-04
9.269269e-01 6.533832e-04
9.279279e-01 6.444325e-04
9.289289e-01 6.354818e-04
9.299299e-01 6.265311e-04
9.309309e-01 6.175804e-04
9.319319e-01 6.086296e-04
9.329329e-01 5.996789e-04
9.339339e-01 5.907282e-04
9.349349e-01 5.817775e-04
9.359359e-01 5.728268e-04
9.369369e-01 5.638761e-04
9.379379e-01 5.549254e-04
9.389389e-01 5.459747e-04
9.399399e-01 5.370239e-04
9.409409e-01 5.280732e-04
9.419419e-01 5.191225e-04
9.429429e-01 5.101718e-04
9.439439e-01 5.012210e-04
9.449449e-01 4.922704e-04
9.459459e-01 4.833197e-04
9.469469e-01 4.743690e-04
9.479479e-01 4.654182e-04
9.489489e-01 4.564675e-04
9.499499e-01 4.475168e-04
9.509510e-01 4.385661e-04
9.519520e-01 4.296153e-04
9.529530e-01 4.206647e-04
9.539540e-01 4.117140e-04
9.549550e-01 4.027633e-04
9.559560e-01 3.938125e-04
9.569570e-01 3.848618e-04
9.579580e-01 3.759111e-04
9.589590e-01 3.669604e-04
9.599600e-01 3.580096e-04
9.609610e-01 3.490589e-04
9.619620e-01 3.401083e-04
9.629630e-01 3.311575e-04
9.639640e-01 3.222068e-04
9.649650e-01 3.132561e-04
9.659660e-01 3.043054e-04
9.669670e-01 2.953546e-04
9.679680e-01 2.864039e-04
9.689690e-01 2.774533e-04
9.699700e-01 2.685026e-04
9.709710e-01 2.595518e-04
9.719720e-01 2.506011e-04
9.729730e-01 2.416504e-04
9.739740e-01 2.326997e-04
9.749750e-01 2.237490e-04
9.759760e-01 2.147983e-04
9.769770e-01 2.058476e-04
9.779780e-01 1.968969e-04
9.789790e-01 1.879461e-04
9.799800e-01 1.789954e-04
9.809810e-01 1.700447e-04
9.819820e-01 1.610940e-04
9.829830e-01 1.521433e-04
9.839840e-01 1.431926e-04
9.849850e-01 1.342419e-04
9.859860e-01 1.252912e-04
9.869870e-01 1.163404e-04
9.879880e-01 1.073897e-04
9.889890e-01 9.843902e-05
9.899900e-01 8.948832e-05
9.909910e-01 8.053758e-05
9.919920e-01 7.158688e-05
9.929930e-01 6.263618e-05
9.939940e-01 5.368548e-05
9.949950e-01 4.473473e-05
9.959960e-01 3.578403e-05
9.969970e-01 2.683333e-05
9.979980e-01 1.788263e-05
9.989990e-01 8.931889e-06
1.000000e+00 1.880837e-08
