0 0
1.010101e-02 8.411140e-02
2.020202e-02 8.318711e-02
3.030303e-02 8.226997e-02
4.040404e-02 8.135922e-02
5.050505e-02 8.045427e-02
6.060606e-02 7.955457e-02
7.070707e-02 7.865959e-02
8.080808e-02 7.776888e-02
9.090909e-02 7.688205e-02
1.010101e-01 7.599873e-02
1.111111e-01 7.511852e-02
1.212121e-01 7.424121e-02
1.313131e-01 7.336647e-02
1.414141e-01 7.249408e-02
1.515152e-01 7.162379e-02
1.616162e-01 7.075541e-02
1.717172e-01 6.988875e-02
1.818182e-01 6.902362e-02
1.919192e-01 6.815994e-02
2.020202e-01 6.729753e-02
2.121212e-01 6.643626e-02
2.222222e-01 6.557601e-02
2.323232e-01 6.471673e-02
2.424242e-01 6.385829e-02
2.525253e-01 6.300062e-02
2.626263e-01 6.214364e-02
2.727273e-01 6.128730e-02
2.828283e-01 6.043152e-02
2.929293e-01 5.957625e-02
3.030303e-01 5.872144e-02
3.131313e-01 5.786706e-02
3.232323e-01 5.701306e-02
3.333333e-01 5.615939e-02
3.434343e-01 5.530604e-02
3.535354e-01 5.445296e-02
3.636364e-01 5.360014e-02
3.737374e-01 5.274754e-02
3.838384e-01 5.189516e-02
3.939394e-01 5.104296e-02
4.040404e-01 5.019093e-02
4.141414e-01 4.933905e-02
4.242424e-01 4.848732e-02
4.343434e-01 4.763570e-02
4.444444e-01 4.678419e-02
4.545455e-01 4.593280e-02
4.646465e-01 4.508149e-02
4.747475e-01 4.423027e-02
4.848485e-01 4.337911e-02
4.949495e-01 4.252803e-02
5.050505e-01 4.167701e-02
5.151515e-01 4.082605e-02
5.252525e-01 3.997513e-02
5.353535e-01 3.912427e-02
5.454545e-01 3.827344e-02
5.555556e-01 3.742265e-02
5.656566e-01 3.657189e-02
5.757576e-01 3.572116e-02
5.858586e-01 3.487047e-02
5.959596e-01 3.401979e-02
6.060606e-01 3.316914e-02
6.161616e-01 3.231851e-02
6.262626e-01 3.146789e-02
6.363636e-01 3.061730e-02
6.464646e-01 2.976671e-02
6.565657e-01 2.891615e-02
6.666667e-01 2.806559e-02
6.767677e-01 2.721504e-02
6.868687e-01 2.636451e-02
6.969697e-01 2.551398e-02
7.070707e-01 2.466346e-02
7.171717e-01 2.381295e-02
7.272727e-01 2.296245e-02
7.373737e-01 2.211195e-02
7.474747e-01 2.126146e-02
7.575758e-01 2.041097e-02
7.676768e-01 1.956049e-02
7.777778e-01 1.871001e-02
7.878788e-01 1.785953e-02
7.979798e-01 1.700906e-02
8.080808e-01 1.615859e-02
8.181818e-01 1.530812e-02
8.282828e-01 1.445766e-02
8.383838e-01 1.360720e-02
8.484848e-01 1.275674e-02
8.585859e-01 1.190628e-02
8.686869e-01 1.105582e-02
8.787879e-01 1.020537e-02
8.888889e-01 9.354915e-03
8.989899e-01 8.504462e-03
9.090909e-01 7.654011e-03
9.191919e-01 6.803560e-03
9.292929e-01 5.953110e-03
9.393939e-01 5.102662e-03
9.494949e-01 4.252213e-03
9.595960e-01 3.401766e-03
9.696970e-01 2.551319e-03
9.797980e-01 1.700873e-03
9.898990e-01 8.504267e-04
1.000000e+00 1.880835e-08
