0.001001 0.997988
2.002002e-03 5.012646e-01
3.003003e-03 3.356925e-01
4.004004e-03 2.529136e-01
5.005005e-03 2.032469e-01
6.006006e-03 1.701381e-01
7.007007e-03 1.464908e-01
8.008008e-03 1.287576e-01
9.009009e-03 1.149669e-01
1.001001e-02 1.039347e-01
1.101101e-02 9.491027e-02
1.201201e-02 8.739053e-02
1.301301e-02 8.102941e-02
1.401401e-02 7.557745e-02
1.501502e-02 7.085369e-02
1.601602e-02 6.672090e-02
1.701702e-02 6.307497e-02
1.801802e-02 5.983530e-02
1.901902e-02 5.693698e-02
2.002002e-02 5.432959e-02
2.102102e-02 5.197112e-02
2.202202e-02 4.982718e-02
2.302302e-02 4.787065e-02
2.402402e-02 4.607760e-02
2.502503e-02 4.442883e-02
2.602603e-02 4.290712e-02
2.702703e-02 4.149866e-02
2.802803e-02 4.019101e-02
2.902903e-02 3.897450e-02
3.003003e-02 3.783913e-02
3.103103e-02 3.677769e-02
3.203203e-02 3.578311e-02
3.303303e-02 3.484888e-02
3.403403e-02 3.397020e-02
3.503504e-02 3.314207e-02
3.603604e-02 3.236027e-02
3.703704e-02 3.162121e-02
3.803804e-02 3.092123e-02
3.903904e-02 3.025766e-02
4.004004e-02 2.962744e-02
4.104104e-02 2.902841e-02
4.204204e-02 2.845818e-02
4.304304e-02 2.791476e-02
4.404404e-02 2.739632e-02
4.504505e-02 2.690136e-02
4.604605e-02 2.642795e-02
4.704705e-02 2.597519e-02
4.804805e-02 2.554153e-02
4.904905e-02 2.512572e-02
5.005005e-02 2.472690e-02
5.105105e-02 2.434397e-02
5.205205e-02 2.397601e-02
5.305305e-02 2.362221e-02
5.405405e-02 2.328175e-02
5.505506e-02 2.295389e-02
5.605606e-02 2.263791e-02
5.705706e-02 2.233330e-02
5.805806e-02 2.203954e-02
5.905906e-02 2.175586e-02
6.006006e-02 2.148180e-02
6.106106e-02 2.121693e-02
6.206206e-02 2.096098e-02
6.306306e-02 2.071325e-02
6.406406e-02 2.047335e-02
6.506507e-02 2.024120e-02
6.606607e-02 2.001612e-02
6.706707e-02 1.979806e-02
6.806807e-02 1.958665e-02
6.906907e-02 1.938154e-02
7.007007e-02 1.918239e-02
7.107107e-02 1.898914e-02
7.207207e-02 1.880138e-02
7.307307e-02 1.861891e-02
7.407407e-02 1.844154e-02
7.507508e-02 1.826908e-02
7.607608e-02 1.810132e-02
7.707708e-02 1.793813e-02
7.807808e-02 1.777926e-02
7.907908e-02 1.762457e-02
8.008008e-02 1.747392e-02
8.108108e-02 1.732718e-02
8.208208e-02 1.718415e-02
8.308308e-02 1.704467e-02
8.408408e-02 1.690874e-02
8.508509e-02 1.677601e-02
8.608609e-02 1.664665e-02
8.708709e-02 1.652037e-02
8.808809e-02 1.639709e-02
8.908909e-02 1.627675e-02
9.009009e-02 1.615920e-02
9.109109e-02 1.604439e-02
9.209209e-02 1.593219e-02
9.309309e-02 1.582257e-02
9.409409e-02 1.571539e-02
9.509510e-02 1.561053e-02
9.609610e-02 1.550810e-02
9.709710e-02 1.540784e-02
9.809810e-02 1.530980e-02
9.909910e-02 1.521382e-02
1.001001e-01 1.511994e-02
1.011011e-01 1.502800e-02
1.021021e-01 1.493796e-02
1.031031e-01 1.484979e-02
1.041041e-01 1.476348e-02
1.051051e-01 1.467892e-02
1.061061e-01 1.459605e-02
1.071071e-01 1.451487e-02
1.081081e-01 1.443524e-02
1.091091e-01 1.435727e-02
1.101101e-01 1.428071e-02
1.111111e-01 1.420569e-02
1.121121e-01 1.413212e-02
1.131131e-01 1.405998e-02
1.141141e-01 1.398921e-02
1.151151e-01 1.391978e-02
1.161161e-01 1.385162e-02
1.171171e-01 1.378480e-02
1.181181e-01 1.371915e-02
1.191191e-01 1.365470e-02
1.201201e-01 1.359144e-02
1.211211e-01 1.352935e-02
1.221221e-01 1.346831e-02
1.231231e-01 1.340839e-02
1.241241e-01 1.334955e-02
1.251251e-01 1.329175e-02
1.261261e-01 1.323492e-02
1.271271e-01 1.317909e-02
1.281281e-01 1.312423e-02
1.291291e-01 1.307033e-02
1.301301e-01 1.301728e-02
1.311311e-01 1.296517e-02
1.321321e-01 1.291394e-02
1.331331e-01 1.286357e-02
1.341341e-01 1.281404e-02
1.351351e-01 1.276531e-02
1.361361e-01 1.271741e-02
1.371371e-01 1.267031e-02
1.381381e-01 1.262391e-02
1.391391e-01 1.257830e-02
1.401401e-01 1.253343e-02
1.411411e-01 1.248926e-02
1.421421e-01 1.244581e-02
1.431431e-01 1.240301e-02
1.441441e-01 1.236092e-02
1.451451e-01 1.231946e-02
1.461461e-01 1.227867e-02
1.471471e-01 1.223850e-02
1.481481e-01 1.219893e-02
1.491491e-01 1.215998e-02
1.501502e-01 1.212159e-02
1.511512e-01 1.208382e-02
1.521522e-01 1.204660e-02
1.531532e-01 1.200997e-02
1.541542e-01 1.197386e-02
1.551552e-01 1.193829e-02
1.561562e-01 1.190326e-02
1.571572e-01 1.186873e-02
1.581582e-01 1.183471e-02
1.591592e-01 1.180119e-02
1.601602e-01 1.176816e-02
1.611612e-01 1.173561e-02
1.621622e-01 1.170351e-02
1.631632e-01 1.167188e-02
1.641642e-01 1.164071e-02
1.651652e-01 1.160996e-02
1.661662e-01 1.157966e-02
1.671672e-01 1.154979e-02
1.681682e-01 1.152033e-02
1.691692e-01 1.149128e-02
1.701702e-01 1.146259e-02
1.711712e-01 1.143436e-02
1.721722e-01 1.140649e-02
1.731732e-01 1.137903e-02
1.741742e-01 1.135191e-02
1.751752e-01 1.132519e-02
1.761762e-01 1.129881e-02
1.771772e-01 1.127280e-02
1.781782e-01 1.124715e-02
1.791792e-01 1.122182e-02
1.801802e-01 1.119683e-02
1.811812e-01 1.117219e-02
1.821822e-01 1.114787e-02
1.831832e-01 1.112387e-02
1.841842e-01 1.110018e-02
1.851852e-01 1.107679e-02
1.861862e-01 1.105373e-02
1.871872e-01 1.103097e-02
1.881882e-01 1.100849e-02
1.891892e-01 1.098631e-02
1.901902e-01 1.096438e-02
1.911912e-01 1.094276e-02
1.921922e-01 1.092140e-02
1.931932e-01 1.090034e-02
1.941942e-01 1.087954e-02
1.951952e-01 1.085899e-02
1.961962e-01 1.083871e-02
1.971972e-01 1.081870e-02
1.981982e-01 1.079891e-02
1.991992e-01 1.077939e-02
2.002002e-01 1.076012e-02
2.012012e-01 1.074106e-02
2.022022e-01 1.072226e-02
2.032032e-01 1.070368e-02
2.042042e-01 1.068533e-02
2.052052e-01 1.066721e-02
2.062062e-01 1.064931e-02
2.072072e-01 1.063163e-02
2.082082e-01 1.061416e-02
2.092092e-01 1.059691e-02
2.102102e-01 1.057986e-02
2.112112e-01 1.056302e-02
2.122122e-01 1.054638e-02
2.132132e-01 1.052994e-02
2.142142e-01 1.051370e-02
2.152152e-01 1.049764e-02
2.162162e-01 1.048179e-02
2.172172e-01 1.046612e-02
2.182182e-01 1.045064e-02
2.192192e-01 1.043533e-02
2.202202e-01 1.042017e-02
2.212212e-01 1.040522e-02
2.222222e-01 1.039045e-02
2.232232e-01 1.037585e-02
2.242242e-01 1.036143e-02
2.252252e-01 1.034717e-02
2.262262e-01 1.033307e-02
2.272272e-01 1.031914e-02
2.282282e-01 1.030537e-02
2.292292e-01 1.029175e-02
2.302302e-01 1.027829e-02
2.312312e-01 1.026498e-02
2.322322e-01 1.025184e-02
2.332332e-01 1.023883e-02
2.342342e-01 1.022598e-02
2.352352e-01 1.021327e-02
2.362362e-01 1.020070e-02
2.372372e-01 1.018827e-02
2.382382e-01 1.017600e-02
2.392392e-01 1.016385e-02
2.402402e-01 1.015183e-02
2.412412e-01 1.013996e-02
2.422422e-01 1.012821e-02
2.432432e-01 1.011661e-02
2.442442e-01 1.010512e-02
2.452452e-01 1.009377e-02
2.462462e-01 1.008253e-02
2.472472e-01 1.007142e-02
2.482482e-01 1.006044e-02
2.492492e-01 1.004958e-02
2.502503e-01 1.003883e-02
2.512513e-01 1.002821e-02
2.522523e-01 1.001770e-02
2.532533e-01 1.000730e-02
2.542543e-01 9.997021e-03
2.552553e-01 9.986842e-03
2.562563e-01 9.976779e-03
2.572573e-01 9.966826e-03
2.582583e-01 9.956983e-03
2.592593e-01 9.947242e-03
2.602603e-01 9.937591e-03
2.612613e-01 9.928051e-03
2.622623e-01 9.918632e-03
2.632633e-01 9.909296e-03
2.642643e-01 9.900073e-03
2.652653e-01 9.890946e-03
2.662663e-01 9.881909e-03
2.672673e-01 9.872977e-03
2.682683e-01 9.864130e-03
2.692693e-01 9.855380e-03
2.702703e-01 9.846729e-03
2.712713e-01 9.838165e-03
2.722723e-01 9.829687e-03
2.732733e-01 9.821303e-03
2.742743e-01 9.813010e-03
2.752753e-01 9.804792e-03
2.762763e-01 9.796668e-03
2.772773e-01 9.788630e-03
2.782783e-01 9.780676e-03
2.792793e-01 9.772800e-03
2.802803e-01 9.765009e-03
2.812813e-01 9.757298e-03
2.822823e-01 9.749668e-03
2.832833e-01 9.742118e-03
2.842843e-01 9.734642e-03
2.852853e-01 9.727248e-03
2.862863e-01 9.719928e-03
2.872873e-01 9.712678e-03
2.882883e-01 9.705509e-03
2.892893e-01 9.698411e-03
2.902903e-01 9.691388e-03
2.912913e-01 9.684433e-03
2.922923e-01 9.677554e-03
2.932933e-01 9.670738e-03
2.942943e-01 9.663996e-03
2.952953e-01 9.657324e-03
2.962963e-01 9.650716e-03
2.972973e-01 9.644176e-03
2.982983e-01 9.637704e-03
2.992993e-01 9.631296e-03
3.003003e-01 9.624933e-03
3.013013e-01 9.618655e-03
3.023023e-01 9.612436e-03
3.033033e-01 9.606282e-03
3.043043e-01 9.600191e-03
3.053053e-01 9.594163e-03
3.063063e-01 9.588190e-03
3.073073e-01 9.582280e-03
3.083083e-01 9.576425e-03
3.093093e-01 9.570632e-03
3.103103e-01 9.564896e-03
3.113113e-01 9.559217e-03
3.123123e-01 9.553595e-03
3.133133e-01 9.548028e-03
3.143143e-01 9.542516e-03
3.153153e-01 9.537061e-03
3.163163e-01 9.531659e-03
3.173173e-01 9.526308e-03
3.183183e-01 9.521015e-03
3.193193e-01 9.515767e-03
3.203203e-01 9.510572e-03
3.213213e-01 9.505434e-03
3.223223e-01 9.500341e-03
3.233233e-01 9.495297e-03
3.243243e-01 9.490304e-03
3.253253e-01 9.485360e-03
3.263263e-01 9.480467e-03
3.273273e-01 9.475621e-03
3.283283e-01 9.470817e-03
3.293293e-01 9.466066e-03
3.303303e-01 9.461358e-03
3.313313e-01 9.456696e-03
3.323323e-01 9.452080e-03
3.333333e-01 9.447507e-03
3.343343e-01 9.442982e-03
3.353353e-01 9.438500e-03
3.363363e-01 9.434059e-03
3.373373e-01 9.429659e-03
3.383383e-01 9.425309e-03
3.393393e-01 9.420996e-03
3.403403e-01 9.416709e-03
3.413413e-01 9.412478e-03
3.423423e-01 9.408289e-03
3.433433e-01 9.404141e-03
3.443443e-01 9.400032e-03
3.453453e-01 9.395960e-03
3.463463e-01 9.391932e-03
3.473473e-01 9.387938e-03
3.483483e-01 9.383984e-03
3.493493e-01 9.380066e-03
3.503504e-01 9.376186e-03
3.513514e-01 9.372343e-03
3.523524e-01 9.368538e-03
3.533534e-01 9.364766e-03
3.543544e-01 9.361034e-03
3.553554e-01 9.357334e-03
3.563564e-01 9.353672e-03
3.573574e-01 9.350044e-03
3.583584e-01 9.346449e-03
3.593594e-01 9.342888e-03
3.603604e-01 9.339362e-03
3.613614e-01 9.335868e-03
3.623624e-01 9.332407e-03
3.633634e-01 9.328979e-03
3.643644e-01 9.325583e-03
3.653654e-01 9.322219e-03
3.663664e-01 9.318886e-03
3.673674e-01 9.315584e-03
3.683684e-01 9.312314e-03
3.693694e-01 9.309075e-03
3.703704e-01 9.305866e-03
3.713714e-01 9.302689e-03
3.723724e-01 9.299539e-03
3.733734e-01 9.296419e-03
3.743744e-01 9.293329e-03
3.753754e-01 9.290267e-03
3.763764e-01 9.287232e-03
3.773774e-01 9.284226e-03
3.783784e-01 9.281250e-03
3.793794e-01 9.278302e-03
3.803804e-01 9.275371e-03
3.813814e-01 9.272475e-03
3.823824e-01 9.269608e-03
3.833834e-01 9.266765e-03
3.843844e-01 9.263950e-03
3.853854e-01 9.261161e-03
3.863864e-01 9.258397e-03
3.873874e-01 9.255659e-03
3.883884e-01 9.252947e-03
3.893894e-01 9.250262e-03
3.903904e-01 9.247599e-03
3.913914e-01 9.244958e-03
3.923924e-01 9.242346e-03
3.933934e-01 9.239757e-03
3.943944e-01 9.237190e-03
3.953954e-01 9.234649e-03
3.963964e-01 9.232129e-03
3.973974e-01 9.229631e-03
3.983984e-01 9.227159e-03
3.993994e-01 9.224708e-03
4.004004e-01 9.222282e-03
4.014014e-01 9.219868e-03
4.024024e-01 9.217490e-03
4.034034e-01 9.215121e-03
4.044044e-01 9.212789e-03
4.054054e-01 9.210462e-03
4.064064e-01 9.208172e-03
4.074074e-01 9.205889e-03
4.084084e-01 9.203640e-03
4.094094e-01 9.201395e-03
4.104104e-01 9.199188e-03
4.114114e-01 9.196985e-03
4.124124e-01 9.194819e-03
4.134134e-01 9.192654e-03
4.144144e-01 9.190527e-03
4.154154e-01 9.188403e-03
4.164164e-01 9.186311e-03
4.174174e-01 9.184226e-03
4.184184e-01 9.182174e-03
4.194194e-01 9.180126e-03
4.204204e-01 9.178111e-03
4.214214e-01 9.176100e-03
4.224224e-01 9.174119e-03
4.234234e-01 9.172146e-03
4.244244e-01 9.170201e-03
4.254254e-01 9.168261e-03
4.264264e-01 9.166352e-03
4.274274e-01 9.164447e-03
4.284284e-01 9.162573e-03
4.294294e-01 9.160702e-03
4.304304e-01 9.158861e-03
4.314314e-01 9.157024e-03
4.324324e-01 9.155214e-03
4.334334e-01 9.153410e-03
4.344344e-01 9.151635e-03
4.354354e-01 9.149862e-03
4.364364e-01 9.148118e-03
4.374374e-01 9.146376e-03
4.384384e-01 9.144664e-03
4.394394e-01 9.142955e-03
4.404404e-01 9.141260e-03
4.414414e-01 9.139593e-03
4.424424e-01 9.137928e-03
4.434434e-01 9.136290e-03
4.444444e-01 9.134655e-03
4.454454e-01 9.133046e-03
4.464464e-01 9.131441e-03
4.474474e-01 9.129859e-03
4.484484e-01 9.128282e-03
4.494494e-01 9.126730e-03
4.504505e-01 9.125180e-03
4.514515e-01 9.123654e-03
4.524525e-01 9.122133e-03
4.534535e-01 9.120634e-03
4.544545e-01 9.119140e-03
4.554555e-01 9.117668e-03
4.564565e-01 9.116199e-03
4.574575e-01 9.114754e-03
4.584585e-01 9.113311e-03
4.594595e-01 9.111890e-03
4.604605e-01 9.110473e-03
4.614615e-01 9.109076e-03
4.624625e-01 9.107685e-03
4.634635e-01 9.106313e-03
4.644645e-01 9.104945e-03
4.654655e-01 9.103599e-03
4.664665e-01 9.102254e-03
4.674675e-01 9.100931e-03
4.684685e-01 9.099611e-03
4.694695e-01 9.098310e-03
4.704705e-01 9.097014e-03
4.714715e-01 9.095736e-03
4.724725e-01 9.094460e-03
4.734735e-01 9.093205e-03
4.744745e-01 9.091954e-03
4.754755e-01 9.090721e-03
4.764765e-01 9.089489e-03
4.774775e-01 9.088279e-03
4.784785e-01 9.087070e-03
4.794795e-01 9.085879e-03
4.804805e-01 9.084691e-03
4.814815e-01 9.083514e-03
4.824825e-01 9.082355e-03
4.834835e-01 9.081197e-03
4.844845e-01 9.080058e-03
4.854855e-01 9.078921e-03
4.864865e-01 9.077801e-03
4.874875e-01 9.076685e-03
4.884885e-01 9.075584e-03
4.894895e-01 9.074486e-03
4.904905e-01 9.073405e-03
4.914915e-01 9.072326e-03
4.924925e-01 9.071264e-03
4.934935e-01 9.070205e-03
4.944945e-01 9.069160e-03
4.954955e-01 9.068119e-03
4.964965e-01 9.067093e-03
4.974975e-01 9.066069e-03
4.984985e-01 9.065061e-03
4.994995e-01 9.064055e-03
5.005005e-01 9.063064e-03
5.015015e-01 9.062076e-03
5.025025e-01 9.061102e-03
5.035035e-01 9.060130e-03
5.045045e-01 9.059174e-03
5.055055e-01 9.058219e-03
5.065065e-01 9.057278e-03
5.075075e-01 9.056340e-03
5.085085e-01 9.055415e-03
5.095095e-01 9.054494e-03
5.105105e-01 9.053585e-03
5.115115e-01 9.052679e-03
5.125125e-01 9.051786e-03
5.135135e-01 9.050895e-03
5.145145e-01 9.050017e-03
5.155155e-01 9.049142e-03
5.165165e-01 9.048279e-03
5.175175e-01 9.047420e-03
5.185185e-01 9.046571e-03
5.195195e-01 9.045726e-03
5.205205e-01 9.044888e-03
5.215215e-01 9.044062e-03
5.225225e-01 9.043237e-03
5.235235e-01 9.042425e-03
5.245245e-01 9.041615e-03
5.255255e-01 9.040817e-03
5.265265e-01 9.040021e-03
5.275275e-01 9.039237e-03
5.285285e-01 9.038454e-03
5.295295e-01 9.037683e-03
5.305305e-01 9.036913e-03
5.315315e-01 9.036156e-03
5.325325e-01 9.035400e-03
5.335335e-01 9.034655e-03
5.345345e-01 9.033911e-03
5.355355e-01 9.033179e-03
5.365365e-01 9.032449e-03
5.375375e-01 9.031729e-03
5.385385e-01 9.031011e-03
5.395395e-01 9.030303e-03
5.405405e-01 9.029596e-03
5.415415e-01 9.028901e-03
5.425425e-01 9.028207e-03
5.435435e-01 9.027524e-03
5.445445e-01 9.026841e-03
5.455455e-01 9.026169e-03
5.465465e-01 9.025498e-03
5.475475e-01 9.024837e-03
5.485485e-01 9.024178e-03
5.495495e-01 9.023528e-03
5.505506e-01 9.022880e-03
5.515516e-01 9.022241e-03
5.525526e-01 9.021603e-03
5.535536e-01 9.020976e-03
5.545546e-01 9.020349e-03
5.555556e-01 9.019732e-03
5.565566e-01 9.019116e-03
5.575576e-01 9.018509e-03
5.585586e-01 9.017903e-03
5.595596e-01 9.017307e-03
5.605606e-01 9.016711e-03
5.615616e-01 9.016121e-03
5.625626e-01 9.015539e-03
5.635636e-01 9.014959e-03
5.645646e-01 9.014387e-03
5.655656e-01 9.013816e-03
5.665666e-01 9.013254e-03
5.675676e-01 9.012693e-03
5.685686e-01 9.012140e-03
5.695696e-01 9.011588e-03
5.705706e-01 9.011045e-03
5.715716e-01 9.010502e-03
5.725726e-01 9.009968e-03
5.735736e-01 9.009434e-03
5.745746e-01 9.008909e-03
5.755756e-01 9.008384e-03
5.765766e-01 9.007868e-03
5.775776e-01 9.007352e-03
5.785786e-01 9.006844e-03
5.795796e-01 9.006336e-03
5.805806e-01 9.005837e-03
5.815816e-01 9.005338e-03
5.825826e-01 9.004847e-03
5.835836e-01 9.004357e-03
5.845846e-01 9.003874e-03
5.855856e-01 9.003392e-03
5.865866e-01 9.002917e-03
5.875876e-01 9.002443e-03
5.885886e-01 9.001976e-03
5.895896e-01 9.001509e-03
5.905906e-01 9.001050e-03
5.915916e-01 9.000591e-03
5.925926e-01 9.000139e-03
5.935936e-01 8.999688e-03
5.945946e-01 8.999245e-03
5.955956e-01 8.998801e-03
5.965966e-01 8.998364e-03
5.975976e-01 8.997928e-03
5.985986e-01 8.997499e-03
5.995996e-01 8.997070e-03
6.006006e-01 8.996645e-03
6.016016e-01 8.996226e-03
6.026026e-01 8.995808e-03
6.036036e-01 8.995396e-03
6.046046e-01 8.994984e-03
6.056056e-01 8.994579e-03
6.066066e-01 8.994174e-03
6.076076e-01 8.993776e-03
6.086086e-01 8.993378e-03
6.096096e-01 8.992986e-03
6.106106e-01 8.992595e-03
6.116116e-01 8.992210e-03
6.126126e-01 8.991825e-03
6.136136e-01 8.991446e-03
6.146146e-01 8.991067e-03
6.156156e-01 8.990694e-03
6.166166e-01 8.990322e-03
6.176176e-01 8.989956e-03
6.186186e-01 8.989589e-03
6.196196e-01 8.989229e-03
6.206206e-01 8.988869e-03
6.216216e-01 8.988514e-03
6.226226e-01 8.988160e-03
6.236236e-01 8.987811e-03
6.246246e-01 8.987463e-03
6.256256e-01 8.987120e-03
6.266266e-01 8.986777e-03
6.276276e-01 8.986439e-03
6.286286e-01 8.986102e-03
6.296296e-01 8.985770e-03
6.306306e-01 8.985439e-03
6.316316e-01 8.985112e-03
6.326326e-01 8.984786e-03
6.336336e-01 8.984465e-03
6.346346e-01 8.984144e-03
6.356356e-01 8.983828e-03
6.366366e-01 8.983512e-03
6.376376e-01 8.983202e-03
6.386386e-01 8.982891e-03
6.396396e-01 8.982586e-03
6.406406e-01 8.982280e-03
6.416416e-01 8.981977e-03
6.426426e-01 8.981679e-03
6.436436e-01 8.981381e-03
6.446446e-01 8.981087e-03
6.456456e-01 8.980794e-03
6.466466e-01 8.980506e-03
6.476476e-01 8.980217e-03
6.486486e-01 8.979933e-03
6.496496e-01 8.979650e-03
6.506507e-01 8.979370e-03
6.516517e-01 8.979091e-03
6.526527e-01 8.978817e-03
6.536537e-01 8.978542e-03
6.546547e-01 8.978272e-03
6.556557e-01 8.978001e-03
6.566567e-01 8.977736e-03
6.576577e-01 8.977470e-03
6.586587e-01 8.977208e-03
6.596597e-01 8.976947e-03
6.606607e-01 8.976689e-03
6.616617e-01 8.976432e-03
6.626627e-01 8.976179e-03
6.636637e-01 8.975926e-03
6.646647e-01 8.975677e-03
6.656657e-01 8.975428e-03
6.666667e-01 8.975182e-03
6.676677e-01 8.974937e-03
6.686687e-01 8.974696e-03
6.696697e-01 8.974455e-03
6.706707e-01 8.974218e-03
6.716717e-01 8.973981e-03
6.726727e-01 8.973747e-03
6.736737e-01 8.973514e-03
6.746747e-01 8.973284e-03
6.756757e-01 8.973054e-03
6.766767e-01 8.972828e-03
6.776777e-01 8.972603e-03
6.786787e-01 8.972380e-03
6.796797e-01 8.972158e-03
6.806807e-01 8.971937e-03
6.816817e-01 8.971720e-03
6.826827e-01 8.971503e-03
6.836837e-01 8.971290e-03
6.846847e-01 8.971076e-03
6.856857e-01 8.970866e-03
6.866867e-01 8.970656e-03
6.876877e-01 8.970449e-03
6.886887e-01 8.970242e-03
6.896897e-01 8.970039e-03
6.906907e-01 8.969835e-03
6.916917e-01 8.969635e-03
6.926927e-01 8.969435e-03
6.936937e-01 8.969238e-03
6.946947e-01 8.969041e-03
6.956957e-01 8.968847e-03
6.966967e-01 8.968653e-03
6.976977e-01 8.968462e-03
6.986987e-01 8.968271e-03
6.996997e-01 8.968083e-03
7.007007e-01 8.967896e-03
7.017017e-01 8.967711e-03
7.027027e-01 8.967526e-03
7.037037e-01 8.967344e-03
7.047047e-01 8.967162e-03
7.057057e-01 8.966983e-03
7.067067e-01 8.966804e-03
7.077077e-01 8.966628e-03
7.087087e-01 8.966452e-03
7.097097e-01 8.966278e-03
7.107107e-01 8.966105e-03
7.117117e-01 8.965934e-03
7.127127e-01 8.965764e-03
7.137137e-01 8.965596e-03
7.147147e-01 8.965428e-03
7.157157e-01 8.965262e-03
7.167167e-01 8.965097e-03
7.177177e-01 8.964934e-03
7.187187e-01 8.964772e-03
7.197197e-01 8.964611e-03
7.207207e-01 8.964451e-03
7.217217e-01 8.964293e-03
7.227227e-01 8.964136e-03
7.237237e-01 8.963980e-03
7.247247e-01 8.963826e-03
7.257257e-01 8.963672e-03
7.267267e-01 8.963520e-03
7.277277e-01 8.963369e-03
7.287287e-01 8.963220e-03
7.297297e-01 8.963071e-03
7.307307e-01 8.962924e-03
7.317317e-01 8.962777e-03
7.327327e-01 8.962632e-03
7.337337e-01 8.962488e-03
7.347347e-01 8.962346e-03
7.357357e-01 8.962203e-03
7.367367e-01 8.962063e-03
7.377377e-01 8.961923e-03
7.387387e-01 8.961786e-03
7.397397e-01 8.961647e-03
7.407407e-01 8.961512e-03
7.417417e-01 8.961376e-03
7.427427e-01 8.961243e-03
7.437437e-01 8.961109e-03
7.447447e-01 8.960977e-03
7.457457e-01 8.960846e-03
7.467467e-01 8.960716e-03
7.477477e-01 8.960587e-03
7.487487e-01 8.960460e-03
7.497497e-01 8.960332e-03
7.507508e-01 8.960206e-03
7.517518e-01 8.960081e-03
7.527528e-01 8.959957e-03
7.537538e-01 8.959834e-03
7.547548e-01 8.959712e-03
7.557558e-01 8.959590e-03
7.567568e-01 8.959471e-03
7.577578e-01 8.959351e-03
7.587588e-01 8.959233e-03
7.597598e-01 8.959115e-03
7.607608e-01 8.958998e-03
7.617618e-01 8.958883e-03
7.627628e-01 8.958768e-03
7.637638e-01 8.958654e-03
7.647648e-01 8.958541e-03
7.657658e-01 8.958429e-03
7.667668e-01 8.958317e-03
7.677678e-01 8.958207e-03
7.687688e-01 8.958097e-03
7.697698e-01 8.957989e-03
7.707708e-01 8.957880e-03
7.717718e-01 8.957774e-03
7.727728e-01 8.957667e-03
7.737738e-01 8.957562e-03
7.747748e-01 8.957457e-03
7.757758e-01 8.957354e-03
7.767768e-01 8.957250e-03
7.777778e-01 8.957148e-03
7.787788e-01 8.957047e-03
7.797798e-01 8.956946e-03
7.807808e-01 8.956846e-03
7.817818e-01 8.956747e-03
7.827828e-01 8.956648e-03
7.837838e-01 8.956551e-03
7.847848e-01 8.956454e-03
7.857858e-01 8.956358e-03
7.867868e-01 8.956262e-03
7.877878e-01 8.956168e-03
7.887888e-01 8.956073e-03
7.897898e-01 8.955981e-03
7.907908e-01 8.955888e-03
7.917918e-01 8.955796e-03
7.927928e-01 8.955705e-03
7.937938e-01 8.955614e-03
7.947948e-01 8.955524e-03
7.957958e-01 8.955435e-03
7.967968e-01 8.955347e-03
7.977978e-01 8.955259e-03
7.987988e-01 8.955172e-03
7.997998e-01 8.955086e-03
8.008008e-01 8.954999e-03
8.018018e-01 8.954915e-03
8.028028e-01 8.954829e-03
8.038038e-01 8.954745e-03
8.048048e-01 8.954662e-03
8.058058e-01 8.954580e-03
8.068068e-01 8.954497e-03
8.078078e-01 8.954416e-03
8.088088e-01 8.954335e-03
8.098098e-01 8.954256e-03
8.108108e-01 8.954175e-03
8.118118e-01 8.954096e-03
8.128128e-01 8.954018e-03
8.138138e-01 8.953941e-03
8.148148e-01 8.953862e-03
8.158158e-01 8.953786e-03
8.168168e-01 8.953710e-03
8.178178e-01 8.953635e-03
8.188188e-01 8.953559e-03
8.198198e-01 8.953485e-03
8.208208e-01 8.953411e-03
8.218218e-01 8.953338e-03
8.228228e-01 8.953264e-03
8.238238e-01 8.953193e-03
8.248248e-01 8.953121e-03
8.258258e-01 8.953050e-03
8.268268e-01 8.952979e-03
8.278278e-01 8.952909e-03
8.288288e-01 8.952839e-03
8.298298e-01 8.952771e-03
8.308308e-01 8.952701e-03
8.318318e-01 8.952633e-03
8.328328e-01 8.952566e-03
8.338338e-01 8.952499e-03
8.348348e-01 8.952431e-03
8.358358e-01 8.952365e-03
8.368368e-01 8.952300e-03
8.378378e-01 8.952235e-03
8.388388e-01 8.952169e-03
8.398398e-01 8.952105e-03
8.408408e-01 8.952042e-03
8.418418e-01 8.951977e-03
8.428428e-01 8.951915e-03
8.438438e-01 8.951853e-03
8.448448e-01 8.951791e-03
8.458458e-01 8.951729e-03
8.468468e-01 8.951668e-03
8.478478e-01 8.951607e-03
8.488488e-01 8.951547e-03
8.498498e-01 8.951487e-03
8.508509e-01 8.951428e-03
8.518519e-01 8.951369e-03
8.528529e-01 8.951311e-03
8.538539e-01 8.951252e-03
8.548549e-01 8.951194e-03
8.558559e-01 8.951137e-03
8.568569e-01 8.951080e-03
8.578579e-01 8.951023e-03
8.588589e-01 8.950967e-03
8.598599e-01 8.950912e-03
8.608609e-01 8.950857e-03
8.618619e-01 8.950801e-03
8.628629e-01 8.950747e-03
8.638639e-01 8.950693e-03
8.648649e-01 8.950639e-03
8.658659e-01 8.950585e-03
8.668669e-01 8.950532e-03
8.678679e-01 8.950480e-03
8.688689e-01 8.950428e-03
8.698699e-01 8.950375e-03
8.708709e-01 8.950323e-03
8.718719e-01 8.950272e-03
8.728729e-01 8.950222e-03
8.738739e-01 8.950170e-03
8.748749e-01 8.950120e-03
8.758759e-01 8.950071e-03
8.768769e-01 8.950021e-03
8.778779e-01 8.949971e-03
8.788789e-01 8.949922e-03
8.798799e-01 8.949874e-03
8.808809e-01 8.949825e-03
8.818819e-01 8.949777e-03
8.828829e-01 8.949730e-03
8.838839e-01 8.949683e-03
8.848849e-01 8.949635e-03
8.858859e-01 8.949589e-03
8.868869e-01 8.949542e-03
8.878879e-01 8.949497e-03
8.888889e-01 8.949450e-03
8.898899e-01 8.949405e-03
8.908909e-01 8.949360e-03
8.918919e-01 8.949315e-03
8.928929e-01 8.949270e-03
8.938939e-01 8.949225e-03
8.948949e-01 8.949182e-03
8.958959e-01 8.949138e-03
8.968969e-01 8.949094e-03
8.978979e-01 8.949051e-03
8.988989e-01 8.949008e-03
8.998999e-01 8.948965e-03
9.009009e-01 8.948922e-03
9.019019e-01 8.948880e-03
9.029029e-01 8.948838e-03
9.039039e-01 8.948797e-03
9.049049e-01 8.948754e-03
9.059059e-01 8.948713e-03
9.069069e-01 8.948672e-03
9.079079e-01 8.948632e-03
9.089089e-01 8.948590e-03
9.099099e-01 8.948550e-03
9.109109e-01 8.948511e-03
9.119119e-01 8.948471e-03
9.129129e-01 8.948430e-03
9.139139e-01 8.948391e-03
9.149149e-01 8.948352e-03
9.159159e-01 8.948313e-03
9.169169e-01 8.948273e-03
9.179179e-01 8.948235e-03
9.189189e-01 8.948197e-03
9.199199e-01 8.948158e-03
9.209209e-01 8.948119e-03
9.219219e-01 8.948082e-03
9.229229e-01 8.948044e-03
9.239239e-01 8.948005e-03
9.249249e-01 8.947968e-03
9.259259e-01 8.947931e-03
9.269269e-01 8.947894e-03
9.279279e-01 8.947856e-03
9.289289e-01 8.947819e-03
9.299299e-01 8.947783e-03
9.309309e-01 8.947746e-03
9.319319e-01 8.947709e-03
9.329329e-01 8.947673e-03
9.339339e-01 8.947637e-03
9.349349e-01 8.947601e-03
9.359359e-01 8.947563e-03
9.369369e-01 8.947528e-03
9.379379e-01 8.947492e-03
9.389389e-01 8.947456e-03
9.399399e-01 8.947419e-03
9.409409e-01 8.947384e-03
9.419419e-01 8.947348e-03
9.429429e-01 8.947313e-03
9.439439e-01 8.947276e-03
9.449449e-01 8.947240e-03
9.459459e-01 8.947204e-03
9.469469e-01 8.947169e-03
9.479479e-01 8.947132e-03
9.489489e-01 8.947096e-03
9.499499e-01 8.947060e-03
9.509510e-01 8.947025e-03
9.519520e-01 8.946987e-03
9.529530e-01 8.946951e-03
9.539540e-01 8.946915e-03
9.549550e-01 8.946878e-03
9.559560e-01 8.946840e-03
9.569570e-01 8.946803e-03
9.579580e-01 8.946766e-03
9.589590e-01 8.946728e-03
9.599600e-01 8.946688e-03
9.609610e-01 8.946650e-03
9.619620e-01 8.946611e-03
9.629630e-01 8.946570e-03
9.639640e-01 8.946530e-03
9.649650e-01 8.946490e-03
9.659660e-01 8.946448e-03
9.669670e-01 8.946405e-03
9.679680e-01 8.946362e-03
9.689690e-01 8.946318e-03
9.699700e-01 8.946273e-03
9.709710e-01 8.946225e-03
9.719720e-01 8.946178e-03
9.729730e-01 8.946128e-03
9.739740e-01 8.946078e-03
9.749750e-01 8.946023e-03
9.759760e-01 8.945968e-03
9.769770e-01 8.945910e-03
9.779780e-01 8.945849e-03
9.789790e-01 8.945783e-03
9.799800e-01 8.945715e-03
9.809810e-01 8.945643e-03
9.819820e-01 8.945565e-03
9.829830e-01 8.945478e-03
9.839840e-01 8.945386e-03
9.849850e-01 8.945285e-03
9.859860e-01 8.945174e-03
9.869870e-01 8.945044e-03
9.879880e-01 8.944901e-03
9.889890e-01 8.944737e-03
9.899900e-01 8.944544e-03
9.909910e-01 8.944308e-03
9.919920e-01 8.944024e-03
9.929930e-01 8.943666e-03
9.939940e-01 8.943195e-03
9.949950e-01 8.942535e-03
9.959960e-01 8.941568e-03
9.969970e-01 8.939970e-03
9.979980e-01 8.936796e-03
9.989990e-01 8.927268e-03
