0.010101 0.978318
2.020202e-02 5.112271e-01
3.030303e-02 3.559596e-01
4.040404e-02 2.786459e-01
5.050505e-02 2.325119e-01
6.060606e-02 2.019658e-01
7.070707e-02 1.803252e-01
8.080808e-02 1.642485e-01
9.090909e-02 1.518794e-01
1.010101e-01 1.421036e-01
1.111111e-01 1.342119e-01
1.212121e-01 1.277316e-01
1.313131e-01 1.223353e-01
1.414141e-01 1.177888e-01
1.515152e-01 1.139206e-01
1.616162e-01 1.106017e-01
1.717172e-01 1.077338e-01
1.818182e-01 1.052399e-01
1.919192e-01 1.030596e-01
2.020202e-01 1.011445e-01
2.121212e-01 9.945516e-02
2.222222e-01 9.795946e-02
2.323232e-01 9.663094e-02
2.424242e-01 9.544741e-02
2.525253e-01 9.439028e-02
2.626263e-01 9.344384e-02
2.727273e-01 9.259471e-02
2.828283e-01 9.183140e-02
2.929293e-01 9.114407e-02
3.030303e-01 9.052418e-02
3.131313e-01 8.996430e-02
3.232323e-01 8.945797e-02
3.333333e-01 8.899952e-02
3.434343e-01 8.858396e-02
3.535354e-01 8.820690e-02
3.636364e-01 8.786444e-02
3.737374e-01 8.755316e-02
3.838384e-01 8.726999e-02
3.939394e-01 8.701219e-02
4.040404e-01 8.677734e-02
4.141414e-01 8.656323e-02
4.242424e-01 8.636794e-02
4.343434e-01 8.618969e-02
4.444444e-01 8.602691e-02
4.545455e-01 8.587820e-02
4.646465e-01 8.574225e-02
4.747475e-01 8.561793e-02
4.848485e-01 8.550417e-02
4.949495e-01 8.540006e-02
5.050505e-01 8.530472e-02
5.151515e-01 8.521738e-02
5.252525e-01 8.513734e-02
5.353535e-01 8.506396e-02
5.454545e-01 8.499667e-02
5.555556e-01 8.493493e-02
5.656566e-01 8.487827e-02
5.757576e-01 8.482624e-02
5.858586e-01 8.477847e-02
5.959596e-01 8.473458e-02
6.060606e-01 8.469424e-02
6.161616e-01 8.465716e-02
6.262626e-01 8.462305e-02
6.363636e-01 8.459168e-02
6.464646e-01 8.456281e-02
6.565657e-01 8.453622e-02
6.666667e-01 8.451175e-02
6.767677e-01 8.448920e-02
6.868687e-01 8.446842e-02
6.969697e-01 8.444926e-02
7.070707e-01 8.443160e-02
7.171717e-01 8.441530e-02
7.272727e-01 8.440026e-02
7.373737e-01 8.438638e-02
7.474747e-01 8.437356e-02
7.575758e-01 8.436171e-02
7.676768e-01 8.435076e-02
7.777778e-01 8.434063e-02
7.878788e-01 8.433127e-02
7.979798e-01 8.432260e-02
8.080808e-01 8.431458e-02
8.181818e-01 8.430715e-02
8.282828e-01 8.430026e-02
8.383838e-01 8.429388e-02
8.484848e-01 8.428796e-02
8.585859e-01 8.428246e-02
8.686869e-01 8.427736e-02
8.787879e-01 8.427262e-02
8.888889e-01 8.426821e-02
8.989899e-01 8.426411e-02
9.090909e-01 8.426029e-02
9.191919e-01 8.425673e-02
9.292929e-01 8.425341e-02
9.393939e-01 8.425030e-02
9.494949e-01 8.424738e-02
9.595960e-01 8.424462e-02
9.696970e-01 8.424197e-02
9.797980e-01 8.423932e-02
9.898990e-01 8.423615e-02
