10 3e-06
1.000000e+02 2.000000e-06
1.000000e+03 2.700000e-05
1.000000e+04 2.560000e-04
1.000000e+05 2.780000e-03
1.000000e+01 1.000000e-06
1.000000e+02 2.000000e-06
1.000000e+03 2.500000e-05
1.000000e+04 2.550000e-04
1.000000e+05 2.505000e-03
1.000000e+01 0.000000e+00
1.000000e+02 2.000000e-06
1.000000e+03 2.300000e-05
1.000000e+04 2.340000e-04
1.000000e+05 2.333000e-03
1.000000e+01 1.000000e-06
1.000000e+02 3.000000e-06
1.000000e+03 2.400000e-05
1.000000e+04 2.330000e-04
1.000000e+05 2.365000e-03
1.000000e+01 0.000000e+00
1.000000e+02 2.000000e-06
1.000000e+03 2.300000e-05
1.000000e+04 2.340000e-04
1.000000e+05 2.299000e-03
1.000000e+01 0.000000e+00
1.000000e+02 2.000000e-06
1.000000e+03 2.100000e-05
1.000000e+04 2.150000e-04
1.000000e+05 2.149000e-03
1.000000e+01 2.000000e-06
1.000000e+02 2.000000e-06
1.000000e+03 2.100000e-05
1.000000e+04 2.150000e-04
1.000000e+05 2.150000e-03
1.000000e+01 0.000000e+00
1.000000e+02 3.000000e-06
1.000000e+03 2.200000e-05
1.000000e+04 2.150000e-04
1.000000e+05 2.044000e-03
1.000000e+01 1.000000e-06
1.000000e+02 2.000000e-06
1.000000e+03 2.700000e-05
1.000000e+04 2.010000e-04
1.000000e+05 2.017000e-03
1.000000e+01 2.000000e-06
1.000000e+02 2.000000e-06
1.000000e+03 2.100000e-05
1.000000e+04 2.010000e-04
1.000000e+05 2.011000e-03
