10 3.7e-05
1.000000e+02 1.400000e-05
1.000000e+03 1.420000e-04
1.000000e+04 1.115000e-03
1.000000e+05 8.476000e-03
1.000000e+01 2.000000e-06
1.000000e+02 9.000000e-06
1.000000e+03 7.700000e-05
1.000000e+04 7.870000e-04
1.000000e+05 7.766000e-03
1.000000e+01 1.000000e-06
1.000000e+02 6.000000e-06
1.000000e+03 6.300000e-05
1.000000e+04 6.280000e-04
1.000000e+05 6.299000e-03
1.000000e+01 1.000000e-06
1.000000e+02 7.000000e-06
1.000000e+03 6.400000e-05
1.000000e+04 6.280000e-04
1.000000e+05 6.017000e-03
1.000000e+01 0.000000e+00
1.000000e+02 6.000000e-06
1.000000e+03 5.300000e-05
1.000000e+04 5.380000e-04
1.000000e+05 5.413000e-03
1.000000e+01 1.000000e-06
1.000000e+02 7.000000e-06
1.000000e+03 5.400000e-05
1.000000e+04 5.450000e-04
1.000000e+05 4.885000e-03
1.000000e+01 1.000000e-06
1.000000e+02 6.000000e-06
1.000000e+03 4.700000e-05
1.000000e+04 5.130000e-04
1.000000e+05 4.670000e-03
1.000000e+01 1.000000e-06
1.000000e+02 4.000000e-06
1.000000e+03 4.800000e-05
1.000000e+04 4.660000e-04
1.000000e+05 4.229000e-03
1.000000e+01 1.000000e-06
1.000000e+02 4.000000e-06
1.000000e+03 4.200000e-05
1.000000e+04 4.130000e-04
1.000000e+05 4.122000e-03
1.000000e+01 1.000000e-06
1.000000e+02 4.000000e-06
1.000000e+03 4.100000e-05
1.000000e+04 4.120000e-04
1.000000e+05 3.825000e-03
