0 0
1.010101e-02 1.700869e-01
2.020202e-02 2.459076e-01
3.030303e-02 3.133916e-01
4.040404e-02 3.733399e-01
5.050505e-02 4.264764e-01
6.060606e-02 4.734557e-01
7.070707e-02 5.148692e-01
8.080808e-02 5.512518e-01
9.090909e-02 5.830868e-01
1.010101e-01 6.108110e-01
1.111111e-01 6.348195e-01
1.212121e-01 6.554692e-01
1.313131e-01 6.730828e-01
1.414141e-01 6.879521e-01
1.515152e-01 7.003406e-01
1.616162e-01 7.104868e-01
1.717172e-01 7.186061e-01
1.818182e-01 7.248931e-01
1.919192e-01 7.295240e-01
2.020202e-01 7.326578e-01
2.121212e-01 7.344384e-01
2.222222e-01 7.349959e-01
2.323232e-01 7.344476e-01
2.424242e-01 7.328999e-01
2.525253e-01 7.304487e-01
2.626263e-01 7.271810e-01
2.727273e-01 7.231750e-01
2.828283e-01 7.185018e-01
2.929293e-01 7.132255e-01
3.030303e-01 7.074039e-01
3.131313e-01 7.010895e-01
3.232323e-01 6.943297e-01
3.333333e-01 6.871672e-01
3.434343e-01 6.796407e-01
3.535354e-01 6.717852e-01
3.636364e-01 6.636323e-01
3.737374e-01 6.552106e-01
3.838384e-01 6.465458e-01
3.939394e-01 6.376615e-01
4.040404e-01 6.285785e-01
4.141414e-01 6.193161e-01
4.242424e-01 6.098915e-01
4.343434e-01 6.003202e-01
4.444444e-01 5.906163e-01
4.545455e-01 5.807926e-01
4.646465e-01 5.708607e-01
4.747475e-01 5.608308e-01
4.848485e-01 5.507124e-01
4.949495e-01 5.405140e-01
5.050505e-01 5.302434e-01
5.151515e-01 5.199073e-01
5.252525e-01 5.095122e-01
5.353535e-01 4.990637e-01
5.454545e-01 4.885668e-01
5.555556e-01 4.780264e-01
5.656566e-01 4.674465e-01
5.757576e-01 4.568310e-01
5.858586e-01 4.461832e-01
5.959596e-01 4.355063e-01
6.060606e-01 4.248031e-01
6.161616e-01 4.140760e-01
6.262626e-01 4.033275e-01
6.363636e-01 3.925595e-01
6.464646e-01 3.817739e-01
6.565657e-01 3.709724e-01
6.666667e-01 3.601566e-01
6.767677e-01 3.493277e-01
6.868687e-01 3.384872e-01
6.969697e-01 3.276360e-01
7.070707e-01 3.167752e-01
7.171717e-01 3.059058e-01
7.272727e-01 2.950285e-01
7.373737e-01 2.841442e-01
7.474747e-01 2.732534e-01
7.575758e-01 2.623569e-01
7.676768e-01 2.514551e-01
7.777778e-01 2.405486e-01
7.878788e-01 2.296378e-01
7.979798e-01 2.187232e-01
8.080808e-01 2.078051e-01
8.181818e-01 1.968838e-01
8.282828e-01 1.859596e-01
8.383838e-01 1.750329e-01
8.484848e-01 1.641039e-01
8.585859e-01 1.531727e-01
8.686869e-01 1.422396e-01
8.787879e-01 1.313048e-01
8.888889e-01 1.203685e-01
8.989899e-01 1.094307e-01
9.090909e-01 9.849171e-02
9.191919e-01 8.755153e-02
9.292929e-01 7.661032e-02
9.393939e-01 6.566816e-02
9.494949e-01 5.472516e-02
9.595960e-01 4.378139e-02
9.696970e-01 3.283692e-02
9.797980e-01 2.189183e-02
9.898990e-01 1.094617e-02
1.000000e+00 4.940656e-322
