0 0
1.001001e-03 1.790017e-02
2.002002e-03 2.675106e-02
3.003003e-03 3.550373e-02
4.004004e-03 4.415916e-02
5.005005e-03 5.271833e-02
6.006006e-03 6.118219e-02
7.007007e-03 6.955169e-02
8.008008e-03 7.782777e-02
9.009009e-03 8.601136e-02
1.001001e-02 9.410338e-02
1.101101e-02 1.021047e-01
1.201201e-02 1.100164e-01
1.301301e-02 1.178391e-01
1.401401e-02 1.255739e-01
1.501502e-02 1.332216e-01
1.601602e-02 1.407830e-01
1.701702e-02 1.482591e-01
1.801802e-02 1.556507e-01
1.901902e-02 1.629586e-01
2.002002e-02 1.701836e-01
2.102102e-02 1.773266e-01
2.202202e-02 1.843884e-01
2.302302e-02 1.913698e-01
2.402402e-02 1.982717e-01
2.502503e-02 2.050947e-01
2.602603e-02 2.118397e-01
2.702703e-02 2.185074e-01
2.802803e-02 2.250987e-01
2.902903e-02 2.316143e-01
3.003003e-02 2.380549e-01
3.103103e-02 2.444214e-01
3.203203e-02 2.507143e-01
3.303303e-02 2.569345e-01
3.403403e-02 2.630827e-01
3.503504e-02 2.691597e-01
3.603604e-02 2.751660e-01
3.703704e-02 2.811024e-01
3.803804e-02 2.869697e-01
3.903904e-02 2.927684e-01
4.004004e-02 2.984994e-01
4.104104e-02 3.041632e-01
4.204204e-02 3.097605e-01
4.304304e-02 3.152920e-01
4.404404e-02 3.207584e-01
4.504505e-02 3.261603e-01
4.604605e-02 3.314983e-01
4.704705e-02 3.367731e-01
4.804805e-02 3.419853e-01
4.904905e-02 3.471355e-01
5.005005e-02 3.522243e-01
5.105105e-02 3.572524e-01
5.205205e-02 3.622204e-01
5.305305e-02 3.671288e-01
5.405405e-02 3.719783e-01
5.505506e-02 3.767695e-01
5.605606e-02 3.815028e-01
5.705706e-02 3.861789e-01
5.805806e-02 3.907985e-01
5.905906e-02 3.953619e-01
6.006006e-02 3.998698e-01
6.106106e-02 4.043228e-01
6.206206e-02 4.087214e-01
6.306306e-02 4.130660e-01
6.406406e-02 4.173574e-01
6.506507e-02 4.215960e-01
6.606607e-02 4.257823e-01
6.706707e-02 4.299168e-01
6.806807e-02 4.340001e-01
6.906907e-02 4.380326e-01
7.007007e-02 4.420150e-01
7.107107e-02 4.459476e-01
7.207207e-02 4.498310e-01
7.307307e-02 4.536656e-01
7.407407e-02 4.574520e-01
7.507508e-02 4.611907e-01
7.607608e-02 4.648820e-01
7.707708e-02 4.685265e-01
7.807808e-02 4.721246e-01
7.907908e-02 4.756769e-01
8.008008e-02 4.791837e-01
8.108108e-02 4.826455e-01
8.208208e-02 4.860628e-01
8.308308e-02 4.894360e-01
8.408408e-02 4.927655e-01
8.508509e-02 4.960519e-01
8.608609e-02 4.992954e-01
8.708709e-02 5.024965e-01
8.808809e-02 5.056557e-01
8.908909e-02 5.087734e-01
9.009009e-02 5.118500e-01
9.109109e-02 5.148859e-01
9.209209e-02 5.178815e-01
9.309309e-02 5.208372e-01
9.409409e-02 5.237534e-01
9.509510e-02 5.266304e-01
9.609610e-02 5.294688e-01
9.709710e-02 5.322689e-01
9.809810e-02 5.350309e-01
9.909910e-02 5.377555e-01
1.001001e-01 5.404428e-01
1.011011e-01 5.430933e-01
1.021021e-01 5.457074e-01
1.031031e-01 5.482853e-01
1.041041e-01 5.508275e-01
1.051051e-01 5.533344e-01
1.061061e-01 5.558062e-01
1.071071e-01 5.582433e-01
1.081081e-01 5.606461e-01
1.091091e-01 5.630149e-01
1.101101e-01 5.653501e-01
1.111111e-01 5.676519e-01
1.121121e-01 5.699208e-01
1.131131e-01 5.721570e-01
1.141141e-01 5.743608e-01
1.151151e-01 5.765327e-01
1.161161e-01 5.786728e-01
1.171171e-01 5.807816e-01
1.181181e-01 5.828594e-01
1.191191e-01 5.849063e-01
1.201201e-01 5.869229e-01
1.211211e-01 5.889093e-01
1.221221e-01 5.908658e-01
1.231231e-01 5.927928e-01
1.241241e-01 5.946905e-01
1.251251e-01 5.965593e-01
1.261261e-01 5.983994e-01
1.271271e-01 6.002112e-01
1.281281e-01 6.019948e-01
1.291291e-01 6.037506e-01
1.301301e-01 6.054788e-01
1.311311e-01 6.071798e-01
1.321321e-01 6.088538e-01
1.331331e-01 6.105010e-01
1.341341e-01 6.121218e-01
1.351351e-01 6.137164e-01
1.361361e-01 6.152850e-01
1.371371e-01 6.168280e-01
1.381381e-01 6.183455e-01
1.391391e-01 6.198379e-01
1.401401e-01 6.213053e-01
1.411411e-01 6.227481e-01
1.421421e-01 6.241664e-01
1.431431e-01 6.255605e-01
1.441441e-01 6.269307e-01
1.451451e-01 6.282772e-01
1.461461e-01 6.296002e-01
1.471471e-01 6.309000e-01
1.481481e-01 6.321768e-01
1.491491e-01 6.334308e-01
1.501502e-01 6.346623e-01
1.511512e-01 6.358714e-01
1.521522e-01 6.370584e-01
1.531532e-01 6.382236e-01
1.541542e-01 6.393671e-01
1.551552e-01 6.404891e-01
1.561562e-01 6.415899e-01
1.571572e-01 6.426697e-01
1.581582e-01 6.437287e-01
1.591592e-01 6.447670e-01
1.601602e-01 6.457850e-01
1.611612e-01 6.467828e-01
1.621622e-01 6.477605e-01
1.631632e-01 6.487185e-01
1.641642e-01 6.496569e-01
1.651652e-01 6.505758e-01
1.661662e-01 6.514756e-01
1.671672e-01 6.523563e-01
1.681682e-01 6.532182e-01
1.691692e-01 6.540615e-01
1.701702e-01 6.548863e-01
1.711712e-01 6.556928e-01
1.721722e-01 6.564812e-01
1.731732e-01 6.572518e-01
1.741742e-01 6.580046e-01
1.751752e-01 6.587398e-01
1.761762e-01 6.594576e-01
1.771772e-01 6.601583e-01
1.781782e-01 6.608419e-01
1.791792e-01 6.615086e-01
1.801802e-01 6.621587e-01
1.811812e-01 6.627922e-01
1.821822e-01 6.634093e-01
1.831832e-01 6.640102e-01
1.841842e-01 6.645951e-01
1.851852e-01 6.651641e-01
1.861862e-01 6.657174e-01
1.871872e-01 6.662551e-01
1.881882e-01 6.667774e-01
1.891892e-01 6.672844e-01
1.901902e-01 6.677764e-01
1.911912e-01 6.682533e-01
1.921922e-01 6.687155e-01
1.931932e-01 6.691630e-01
1.941942e-01 6.695960e-01
1.951952e-01 6.700146e-01
1.961962e-01 6.704190e-01
1.971972e-01 6.708092e-01
1.981982e-01 6.711856e-01
1.991992e-01 6.715481e-01
2.002002e-01 6.718970e-01
2.012012e-01 6.722323e-01
2.022022e-01 6.725543e-01
2.032032e-01 6.728629e-01
2.042042e-01 6.731585e-01
2.052052e-01 6.734410e-01
2.062062e-01 6.737107e-01
2.072072e-01 6.739676e-01
2.082082e-01 6.742119e-01
2.092092e-01 6.744437e-01
2.102102e-01 6.746632e-01
2.112112e-01 6.748704e-01
2.122122e-01 6.750654e-01
2.132132e-01 6.752485e-01
2.142142e-01 6.754197e-01
2.152152e-01 6.755791e-01
2.162162e-01 6.757269e-01
2.172172e-01 6.758632e-01
2.182182e-01 6.759880e-01
2.192192e-01 6.761015e-01
2.202202e-01 6.762039e-01
2.212212e-01 6.762951e-01
2.222222e-01 6.763754e-01
2.232232e-01 6.764449e-01
2.242242e-01 6.765036e-01
2.252252e-01 6.765516e-01
2.262262e-01 6.765891e-01
2.272272e-01 6.766162e-01
2.282282e-01 6.766329e-01
2.292292e-01 6.766395e-01
2.302302e-01 6.766359e-01
2.312312e-01 6.766222e-01
2.322322e-01 6.765987e-01
2.332332e-01 6.765653e-01
2.342342e-01 6.765222e-01
2.352352e-01 6.764695e-01
2.362362e-01 6.764072e-01
2.372372e-01 6.763355e-01
2.382382e-01 6.762545e-01
2.392392e-01 6.761642e-01
2.402402e-01 6.760647e-01
2.412412e-01 6.759562e-01
2.422422e-01 6.758387e-01
2.432432e-01 6.757123e-01
2.442442e-01 6.755771e-01
2.452452e-01 6.754332e-01
2.462462e-01 6.752807e-01
2.472472e-01 6.751196e-01
2.482482e-01 6.749501e-01
2.492492e-01 6.747722e-01
2.502503e-01 6.745860e-01
2.512513e-01 6.743916e-01
2.522523e-01 6.741891e-01
2.532533e-01 6.739786e-01
2.542543e-01 6.737601e-01
2.552553e-01 6.735337e-01
2.562563e-01 6.732995e-01
2.572573e-01 6.730576e-01
2.582583e-01 6.728080e-01
2.592593e-01 6.725508e-01
2.602603e-01 6.722862e-01
2.612613e-01 6.720141e-01
2.622623e-01 6.717347e-01
2.632633e-01 6.714480e-01
2.642643e-01 6.711541e-01
2.652653e-01 6.708531e-01
2.662663e-01 6.705450e-01
2.672673e-01 6.702300e-01
2.682683e-01 6.699080e-01
2.692693e-01 6.695791e-01
2.702703e-01 6.692435e-01
2.712713e-01 6.689011e-01
2.722723e-01 6.685521e-01
2.732733e-01 6.681966e-01
2.742743e-01 6.678345e-01
2.752753e-01 6.674659e-01
2.762763e-01 6.670910e-01
2.772773e-01 6.667097e-01
2.782783e-01 6.663222e-01
2.792793e-01 6.659285e-01
2.802803e-01 6.655286e-01
2.812813e-01 6.651227e-01
2.822823e-01 6.647107e-01
2.832833e-01 6.642928e-01
2.842843e-01 6.638690e-01
2.852853e-01 6.634394e-01
2.862863e-01 6.630040e-01
2.872873e-01 6.625628e-01
2.882883e-01 6.621160e-01
2.892893e-01 6.616636e-01
2.902903e-01 6.612057e-01
2.912913e-01 6.607422e-01
2.922923e-01 6.602733e-01
2.932933e-01 6.597990e-01
2.942943e-01 6.593194e-01
2.952953e-01 6.588345e-01
2.962963e-01 6.583443e-01
2.972973e-01 6.578490e-01
2.982983e-01 6.573486e-01
2.992993e-01 6.568430e-01
3.003003e-01 6.563325e-01
3.013013e-01 6.558170e-01
3.023023e-01 6.552965e-01
3.033033e-01 6.547712e-01
3.043043e-01 6.542411e-01
3.053053e-01 6.537062e-01
3.063063e-01 6.531665e-01
3.073073e-01 6.526222e-01
3.083083e-01 6.520732e-01
3.093093e-01 6.515197e-01
3.103103e-01 6.509615e-01
3.113113e-01 6.503989e-01
3.123123e-01 6.498319e-01
3.133133e-01 6.492604e-01
3.143143e-01 6.486846e-01
3.153153e-01 6.481044e-01
3.163163e-01 6.475200e-01
3.173173e-01 6.469313e-01
3.183183e-01 6.463384e-01
3.193193e-01 6.457414e-01
3.203203e-01 6.451402e-01
3.213213e-01 6.445350e-01
3.223223e-01 6.439258e-01
3.233233e-01 6.433125e-01
3.243243e-01 6.426954e-01
3.253253e-01 6.420743e-01
3.263263e-01 6.414493e-01
3.273273e-01 6.408205e-01
3.283283e-01 6.401879e-01
3.293293e-01 6.395515e-01
3.303303e-01 6.389115e-01
3.313313e-01 6.382677e-01
3.323323e-01 6.376203e-01
3.333333e-01 6.369693e-01
3.343343e-01 6.363147e-01
3.353353e-01 6.356565e-01
3.363363e-01 6.349949e-01
3.373373e-01 6.343298e-01
3.383383e-01 6.336613e-01
3.393393e-01 6.329893e-01
3.403403e-01 6.323140e-01
3.413413e-01 6.316354e-01
3.423423e-01 6.309534e-01
3.433433e-01 6.302682e-01
3.443443e-01 6.295798e-01
3.453453e-01 6.288882e-01
3.463463e-01 6.281933e-01
3.473473e-01 6.274954e-01
3.483483e-01 6.267943e-01
3.493493e-01 6.260902e-01
3.503504e-01 6.253830e-01
3.513514e-01 6.246728e-01
3.523524e-01 6.239597e-01
3.533534e-01 6.232435e-01
3.543544e-01 6.225245e-01
3.553554e-01 6.218025e-01
3.563564e-01 6.210777e-01
3.573574e-01 6.203500e-01
3.583584e-01 6.196196e-01
3.593594e-01 6.188863e-01
3.603604e-01 6.181503e-01
3.613614e-01 6.174115e-01
3.623624e-01 6.166701e-01
3.633634e-01 6.159260e-01
3.643644e-01 6.151792e-01
3.653654e-01 6.144298e-01
3.663664e-01 6.136779e-01
3.673674e-01 6.129233e-01
3.683684e-01 6.121662e-01
3.693694e-01 6.114066e-01
3.703704e-01 6.106445e-01
3.713714e-01 6.098799e-01
3.723724e-01 6.091129e-01
3.733734e-01 6.083435e-01
3.743744e-01 6.075717e-01
3.753754e-01 6.067975e-01
3.763764e-01 6.060209e-01
3.773774e-01 6.052420e-01
3.783784e-01 6.044609e-01
3.793794e-01 6.036774e-01
3.803804e-01 6.028917e-01
3.813814e-01 6.021038e-01
3.823824e-01 6.013136e-01
3.833834e-01 6.005213e-01
3.843844e-01 5.997268e-01
3.853854e-01 5.989301e-01
3.863864e-01 5.981313e-01
3.873874e-01 5.973305e-01
3.883884e-01 5.965275e-01
3.893894e-01 5.957225e-01
3.903904e-01 5.949154e-01
3.913914e-01 5.941063e-01
3.923924e-01 5.932953e-01
3.933934e-01 5.924822e-01
3.943944e-01 5.916672e-01
3.953954e-01 5.908502e-01
3.963964e-01 5.900313e-01
3.973974e-01 5.892105e-01
3.983984e-01 5.883879e-01
3.993994e-01 5.875633e-01
4.004004e-01 5.867369e-01
4.014014e-01 5.859087e-01
4.024024e-01 5.850787e-01
4.034034e-01 5.842469e-01
4.044044e-01 5.834133e-01
4.054054e-01 5.825780e-01
4.064064e-01 5.817409e-01
4.074074e-01 5.809021e-01
4.084084e-01 5.800616e-01
4.094094e-01 5.792194e-01
4.104104e-01 5.783755e-01
4.114114e-01 5.775300e-01
4.124124e-01 5.766828e-01
4.134134e-01 5.758341e-01
4.144144e-01 5.749837e-01
4.154154e-01 5.741317e-01
4.164164e-01 5.732782e-01
4.174174e-01 5.724231e-01
4.184184e-01 5.715664e-01
4.194194e-01 5.707083e-01
4.204204e-01 5.698486e-01
4.214214e-01 5.689874e-01
4.224224e-01 5.681247e-01
4.234234e-01 5.672606e-01
4.244244e-01 5.663950e-01
4.254254e-01 5.655280e-01
4.264264e-01 5.646596e-01
4.274274e-01 5.637897e-01
4.284284e-01 5.629185e-01
4.294294e-01 5.620459e-01
4.304304e-01 5.611719e-01
4.314314e-01 5.602965e-01
4.324324e-01 5.594199e-01
4.334334e-01 5.585418e-01
4.344344e-01 5.576625e-01
4.354354e-01 5.567819e-01
4.364364e-01 5.559000e-01
4.374374e-01 5.550168e-01
4.384384e-01 5.541323e-01
4.394394e-01 5.532466e-01
4.404404e-01 5.523597e-01
4.414414e-01 5.514715e-01
4.424424e-01 5.505822e-01
4.434434e-01 5.496916e-01
4.444444e-01 5.487998e-01
4.454454e-01 5.479069e-01
4.464464e-01 5.470128e-01
4.474474e-01 5.461175e-01
4.484484e-01 5.452211e-01
4.494494e-01 5.443236e-01
4.504505e-01 5.434250e-01
4.514515e-01 5.425252e-01
4.524525e-01 5.416243e-01
4.534535e-01 5.407224e-01
4.544545e-01 5.398194e-01
4.554555e-01 5.389153e-01
4.564565e-01 5.380102e-01
4.574575e-01 5.371040e-01
4.584585e-01 5.361968e-01
4.594595e-01 5.352885e-01
4.604605e-01 5.343793e-01
4.614615e-01 5.334690e-01
4.624625e-01 5.325578e-01
4.634635e-01 5.316456e-01
4.644645e-01 5.307324e-01
4.654655e-01 5.298182e-01
4.664665e-01 5.289031e-01
4.674675e-01 5.279870e-01
4.684685e-01 5.270700e-01
4.694695e-01 5.261521e-01
4.704705e-01 5.252333e-01
4.714715e-01 5.243135e-01
4.724725e-01 5.233929e-01
4.734735e-01 5.224714e-01
4.744745e-01 5.215490e-01
4.754755e-01 5.206257e-01
4.764765e-01 5.197015e-01
4.774775e-01 5.187765e-01
4.784785e-01 5.178507e-01
4.794795e-01 5.169240e-01
4.804805e-01 5.159965e-01
4.814815e-01 5.150682e-01
4.824825e-01 5.141390e-01
4.834835e-01 5.132091e-01
4.844845e-01 5.122783e-01
4.854855e-01 5.113468e-01
4.864865e-01 5.104145e-01
4.874875e-01 5.094814e-01
4.884885e-01 5.085476e-01
4.894895e-01 5.076130e-01
4.904905e-01 5.066776e-01
4.914915e-01 5.057415e-01
4.924925e-01 5.048047e-01
4.934935e-01 5.038671e-01
4.944945e-01 5.029288e-01
4.954955e-01 5.019898e-01
4.964965e-01 5.010501e-01
4.974975e-01 5.001097e-01
4.984985e-01 4.991686e-01
4.994995e-01 4.982268e-01
5.005005e-01 4.972844e-01
5.015015e-01 4.963412e-01
5.025025e-01 4.953974e-01
5.035035e-01 4.944530e-01
5.045045e-01 4.935079e-01
5.055055e-01 4.925621e-01
5.065065e-01 4.916157e-01
5.075075e-01 4.906687e-01
5.085085e-01 4.897211e-01
5.095095e-01 4.887728e-01
5.105105e-01 4.878239e-01
5.115115e-01 4.868744e-01
5.125125e-01 4.859243e-01
5.135135e-01 4.849736e-01
5.145145e-01 4.840223e-01
5.155155e-01 4.830705e-01
5.165165e-01 4.821180e-01
5.175175e-01 4.811650e-01
5.185185e-01 4.802114e-01
5.195195e-01 4.792573e-01
5.205205e-01 4.783026e-01
5.215215e-01 4.773474e-01
5.225225e-01 4.763916e-01
5.235235e-01 4.754352e-01
5.245245e-01 4.744784e-01
5.255255e-01 4.735210e-01
5.265265e-01 4.725631e-01
5.275275e-01 4.716046e-01
5.285285e-01 4.706457e-01
5.295295e-01 4.696862e-01
5.305305e-01 4.687263e-01
5.315315e-01 4.677658e-01
5.325325e-01 4.668049e-01
5.335335e-01 4.658435e-01
5.345345e-01 4.648815e-01
5.355355e-01 4.639191e-01
5.365365e-01 4.629563e-01
5.375375e-01 4.619929e-01
5.385385e-01 4.610291e-01
5.395395e-01 4.600649e-01
5.405405e-01 4.591002e-01
5.415415e-01 4.581350e-01
5.425425e-01 4.571694e-01
5.435435e-01 4.562033e-01
5.445445e-01 4.552369e-01
5.455455e-01 4.542699e-01
5.465465e-01 4.533026e-01
5.475475e-01 4.523348e-01
5.485485e-01 4.513666e-01
5.495495e-01 4.503980e-01
5.505506e-01 4.494290e-01
5.515516e-01 4.484596e-01
5.525526e-01 4.474897e-01
5.535536e-01 4.465195e-01
5.545546e-01 4.455489e-01
5.555556e-01 4.445779e-01
5.565566e-01 4.436065e-01
5.575576e-01 4.426347e-01
5.585586e-01 4.416625e-01
5.595596e-01 4.406900e-01
5.605606e-01 4.397171e-01
5.615616e-01 4.387438e-01
5.625626e-01 4.377702e-01
5.635636e-01 4.367961e-01
5.645646e-01 4.358218e-01
5.655656e-01 4.348471e-01
5.665666e-01 4.338720e-01
5.675676e-01 4.328966e-01
5.685686e-01 4.319208e-01
5.695696e-01 4.309447e-01
5.705706e-01 4.299683e-01
5.715716e-01 4.289915e-01
5.725726e-01 4.280144e-01
5.735736e-01 4.270370e-01
5.745746e-01 4.260592e-01
5.755756e-01 4.250812e-01
5.765766e-01 4.241028e-01
5.775776e-01 4.231241e-01
5.785786e-01 4.221451e-01
5.795796e-01 4.211657e-01
5.805806e-01 4.201861e-01
5.815816e-01 4.192062e-01
5.825826e-01 4.182260e-01
5.835836e-01 4.172454e-01
5.845846e-01 4.162646e-01
5.855856e-01 4.152835e-01
5.865866e-01 4.143021e-01
5.875876e-01 4.133205e-01
5.885886e-01 4.123385e-01
5.895896e-01 4.113563e-01
5.905906e-01 4.103738e-01
5.915916e-01 4.093910e-01
5.925926e-01 4.084079e-01
5.935936e-01 4.074246e-01
5.945946e-01 4.064410e-01
5.955956e-01 4.054572e-01
5.965966e-01 4.044731e-01
5.975976e-01 4.034887e-01
5.985986e-01 4.025041e-01
5.995996e-01 4.015192e-01
6.006006e-01 4.005341e-01
6.016016e-01 3.995487e-01
6.026026e-01 3.985631e-01
6.036036e-01 3.975773e-01
6.046046e-01 3.965912e-01
6.056056e-01 3.956049e-01
6.066066e-01 3.946183e-01
6.076076e-01 3.936315e-01
6.086086e-01 3.926445e-01
6.096096e-01 3.916572e-01
6.106106e-01 3.906697e-01
6.116116e-01 3.896820e-01
6.126126e-01 3.886941e-01
6.136136e-01 3.877060e-01
6.146146e-01 3.867176e-01
6.156156e-01 3.857290e-01
6.166166e-01 3.847402e-01
6.176176e-01 3.837512e-01
6.186186e-01 3.827620e-01
6.196196e-01 3.817726e-01
6.206206e-01 3.807830e-01
6.216216e-01 3.797932e-01
6.226226e-01 3.788032e-01
6.236236e-01 3.778130e-01
6.246246e-01 3.768225e-01
6.256256e-01 3.758319e-01
6.266266e-01 3.748411e-01
6.276276e-01 3.738501e-01
6.286286e-01 3.728590e-01
6.296296e-01 3.718676e-01
6.306306e-01 3.708761e-01
6.316316e-01 3.698843e-01
6.326326e-01 3.688924e-01
6.336336e-01 3.679003e-01
6.346346e-01 3.669081e-01
6.356356e-01 3.659156e-01
6.366366e-01 3.649230e-01
6.376376e-01 3.639302e-01
6.386386e-01 3.629372e-01
6.396396e-01 3.619441e-01
6.406406e-01 3.609508e-01
6.416416e-01 3.599573e-01
6.426426e-01 3.589637e-01
6.436436e-01 3.579699e-01
6.446446e-01 3.569760e-01
6.456456e-01 3.559819e-01
6.466466e-01 3.549876e-01
6.476476e-01 3.539932e-01
6.486486e-01 3.529986e-01
6.496496e-01 3.520039e-01
6.506507e-01 3.510090e-01
6.516517e-01 3.500140e-01
6.526527e-01 3.490188e-01
6.536537e-01 3.480235e-01
6.546547e-01 3.470280e-01
6.556557e-01 3.460324e-01
6.566567e-01 3.450366e-01
6.576577e-01 3.440407e-01
6.586587e-01 3.430447e-01
6.596597e-01 3.420485e-01
6.606607e-01 3.410522e-01
6.616617e-01 3.400558e-01
6.626627e-01 3.390592e-01
6.636637e-01 3.380625e-01
6.646647e-01 3.370656e-01
6.656657e-01 3.360687e-01
6.666667e-01 3.350716e-01
6.676677e-01 3.340743e-01
6.686687e-01 3.330770e-01
6.696697e-01 3.320795e-01
6.706707e-01 3.310819e-01
6.716717e-01 3.300842e-01
6.726727e-01 3.290863e-01
6.736737e-01 3.280883e-01
6.746747e-01 3.270902e-01
6.756757e-01 3.260920e-01
6.766767e-01 3.250937e-01
6.776777e-01 3.240953e-01
6.786787e-01 3.230967e-01
6.796797e-01 3.220981e-01
6.806807e-01 3.210993e-01
6.816817e-01 3.201004e-01
6.826827e-01 3.191014e-01
6.836837e-01 3.181023e-01
6.846847e-01 3.171031e-01
6.856857e-01 3.161038e-01
6.866867e-01 3.151043e-01
6.876877e-01 3.141048e-01
6.886887e-01 3.131052e-01
6.896897e-01 3.121054e-01
6.906907e-01 3.111056e-01
6.916917e-01 3.101057e-01
6.926927e-01 3.091056e-01
6.936937e-01 3.081055e-01
6.946947e-01 3.071052e-01
6.956957e-01 3.061049e-01
6.966967e-01 3.051045e-01
6.976977e-01 3.041040e-01
6.986987e-01 3.031034e-01
6.996997e-01 3.021027e-01
7.007007e-01 3.011019e-01
7.017017e-01 3.001010e-01
7.027027e-01 2.991000e-01
7.037037e-01 2.980989e-01
7.047047e-01 2.970978e-01
7.057057e-01 2.960965e-01
7.067067e-01 2.950952e-01
7.077077e-01 2.940938e-01
7.087087e-01 2.930923e-01
7.097097e-01 2.920907e-01
7.107107e-01 2.910890e-01
7.117117e-01 2.900873e-01
7.127127e-01 2.890855e-01
7.137137e-01 2.880836e-01
7.147147e-01 2.870816e-01
7.157157e-01 2.860795e-01
7.167167e-01 2.850774e-01
7.177177e-01 2.840751e-01
7.187187e-01 2.830728e-01
7.197197e-01 2.820705e-01
7.207207e-01 2.810680e-01
7.217217e-01 2.800655e-01
7.227227e-01 2.790629e-01
7.237237e-01 2.780602e-01
7.247247e-01 2.770575e-01
7.257257e-01 2.760547e-01
7.267267e-01 2.750518e-01
7.277277e-01 2.740488e-01
7.287287e-01 2.730458e-01
7.297297e-01 2.720427e-01
7.307307e-01 2.710396e-01
7.317317e-01 2.700363e-01
7.327327e-01 2.690330e-01
7.337337e-01 2.680297e-01
7.347347e-01 2.670263e-01
7.357357e-01 2.660228e-01
7.367367e-01 2.650192e-01
7.377377e-01 2.640156e-01
7.387387e-01 2.630119e-01
7.397397e-01 2.620082e-01
7.407407e-01 2.610044e-01
7.417417e-01 2.600005e-01
7.427427e-01 2.589966e-01
7.437437e-01 2.579926e-01
7.447447e-01 2.569886e-01
7.457457e-01 2.559845e-01
7.467467e-01 2.549803e-01
7.477477e-01 2.539761e-01
7.487487e-01 2.529718e-01
7.497497e-01 2.519675e-01
7.507508e-01 2.509631e-01
7.517518e-01 2.499587e-01
7.527528e-01 2.489542e-01
7.537538e-01 2.479496e-01
7.547548e-01 2.469450e-01
7.557558e-01 2.459404e-01
7.567568e-01 2.449357e-01
7.577578e-01 2.439309e-01
7.587588e-01 2.429261e-01
7.597598e-01 2.419212e-01
7.607608e-01 2.409163e-01
7.617618e-01 2.399114e-01
7.627628e-01 2.389064e-01
7.637638e-01 2.379013e-01
7.647648e-01 2.368962e-01
7.657658e-01 2.358911e-01
7.667668e-01 2.348859e-01
7.677678e-01 2.338806e-01
7.687688e-01 2.328753e-01
7.697698e-01 2.318700e-01
7.707708e-01 2.308646e-01
7.717718e-01 2.298592e-01
7.727728e-01 2.288537e-01
7.737738e-01 2.278482e-01
7.747748e-01 2.268426e-01
7.757758e-01 2.258370e-01
7.767768e-01 2.248313e-01
7.777778e-01 2.238256e-01
7.787788e-01 2.228199e-01
7.797798e-01 2.218141e-01
7.807808e-01 2.208083e-01
7.817818e-01 2.198025e-01
7.827828e-01 2.187966e-01
7.837838e-01 2.177906e-01
7.847848e-01 2.167847e-01
7.857858e-01 2.157786e-01
7.867868e-01 2.147726e-01
7.877878e-01 2.137665e-01
7.887888e-01 2.127604e-01
7.897898e-01 2.117542e-01
7.907908e-01 2.107480e-01
7.917918e-01 2.097417e-01
7.927928e-01 2.087355e-01
7.937938e-01 2.077291e-01
7.947948e-01 2.067228e-01
7.957958e-01 2.057164e-01
7.967968e-01 2.047100e-01
7.977978e-01 2.037035e-01
7.987988e-01 2.026970e-01
7.997998e-01 2.016905e-01
8.008008e-01 2.006840e-01
8.018018e-01 1.996774e-01
8.028028e-01 1.986707e-01
8.038038e-01 1.976641e-01
8.048048e-01 1.966574e-01
8.058058e-01 1.956507e-01
8.068068e-01 1.946439e-01
8.078078e-01 1.936371e-01
8.088088e-01 1.926303e-01
8.098098e-01 1.916235e-01
8.108108e-01 1.906166e-01
8.118118e-01 1.896097e-01
8.128128e-01 1.886027e-01
8.138138e-01 1.875958e-01
8.148148e-01 1.865888e-01
8.158158e-01 1.855818e-01
8.168168e-01 1.845747e-01
8.178178e-01 1.835676e-01
8.188188e-01 1.825605e-01
8.198198e-01 1.815534e-01
8.208208e-01 1.805462e-01
8.218218e-01 1.795390e-01
8.228228e-01 1.785318e-01
8.238238e-01 1.775246e-01
8.248248e-01 1.765173e-01
8.258258e-01 1.755100e-01
8.268268e-01 1.745027e-01
8.278278e-01 1.734953e-01
8.288288e-01 1.724879e-01
8.298298e-01 1.714805e-01
8.308308e-01 1.704731e-01
8.318318e-01 1.694656e-01
8.328328e-01 1.684582e-01
8.338338e-01 1.674507e-01
8.348348e-01 1.664431e-01
8.358358e-01 1.654356e-01
8.368368e-01 1.644280e-01
8.378378e-01 1.634204e-01
8.388388e-01 1.624128e-01
8.398398e-01 1.614052e-01
8.408408e-01 1.603975e-01
8.418418e-01 1.593898e-01
8.428428e-01 1.583821e-01
8.438438e-01 1.573744e-01
8.448448e-01 1.563666e-01
8.458458e-01 1.553589e-01
8.468468e-01 1.543511e-01
8.478478e-01 1.533433e-01
8.488488e-01 1.523354e-01
8.498498e-01 1.513276e-01
8.508509e-01 1.503197e-01
8.518519e-01 1.493118e-01
8.528529e-01 1.483039e-01
8.538539e-01 1.472959e-01
8.548549e-01 1.462880e-01
8.558559e-01 1.452800e-01
8.568569e-01 1.442720e-01
8.578579e-01 1.432640e-01
8.588589e-01 1.422560e-01
8.598599e-01 1.412479e-01
8.608609e-01 1.402398e-01
8.618619e-01 1.392318e-01
8.628629e-01 1.382236e-01
8.638639e-01 1.372155e-01
8.648649e-01 1.362074e-01
8.658659e-01 1.351992e-01
8.668669e-01 1.341910e-01
8.678679e-01 1.331828e-01
8.688689e-01 1.321746e-01
8.698699e-01 1.311664e-01
8.708709e-01 1.301582e-01
8.718719e-01 1.291499e-01
8.728729e-01 1.281416e-01
8.738739e-01 1.271333e-01
8.748749e-01 1.261250e-01
8.758759e-01 1.251167e-01
8.768769e-01 1.241084e-01
8.778779e-01 1.231000e-01
8.788789e-01 1.220916e-01
8.798799e-01 1.210832e-01
8.808809e-01 1.200748e-01
8.818819e-01 1.190664e-01
8.828829e-01 1.180580e-01
8.838839e-01 1.170495e-01
8.848849e-01 1.160411e-01
8.858859e-01 1.150326e-01
8.868869e-01 1.140241e-01
8.878879e-01 1.130156e-01
8.888889e-01 1.120071e-01
8.898899e-01 1.109985e-01
8.908909e-01 1.099900e-01
8.918919e-01 1.089814e-01
8.928929e-01 1.079729e-01
8.938939e-01 1.069643e-01
8.948949e-01 1.059557e-01
8.958959e-01 1.049471e-01
8.968969e-01 1.039384e-01
8.978979e-01 1.029298e-01
8.988989e-01 1.019212e-01
8.998999e-01 1.009125e-01
9.009009e-01 9.990382e-02
9.019019e-01 9.889513e-02
9.029029e-01 9.788643e-02
9.039039e-01 9.687772e-02
9.049049e-01 9.586899e-02
9.059059e-01 9.486026e-02
9.069069e-01 9.385151e-02
9.079079e-01 9.284275e-02
9.089089e-01 9.183398e-02
9.099099e-01 9.082520e-02
9.109109e-01 8.981640e-02
9.119119e-01 8.880760e-02
9.129129e-01 8.779878e-02
9.139139e-01 8.678996e-02
9.149149e-01 8.578112e-02
9.159159e-01 8.477227e-02
9.169169e-01 8.376342e-02
9.179179e-01 8.275455e-02
9.189189e-01 8.174567e-02
9.199199e-01 8.073678e-02
9.209209e-01 7.972788e-02
9.219219e-01 7.871897e-02
9.229229e-01 7.771005e-02
9.239239e-01 7.670112e-02
9.249249e-01 7.569218e-02
9.259259e-01 7.468324e-02
9.269269e-01 7.367428e-02
9.279279e-01 7.266531e-02
9.289289e-01 7.165633e-02
9.299299e-01 7.064735e-02
9.309309e-01 6.963835e-02
9.319319e-01 6.862935e-02
9.329329e-01 6.762034e-02
9.339339e-01 6.661131e-02
9.349349e-01 6.560228e-02
9.359359e-01 6.459324e-02
9.369369e-01 6.358420e-02
9.379379e-01 6.257514e-02
9.389389e-01 6.156607e-02
9.399399e-01 6.055700e-02
9.409409e-01 5.954792e-02
9.419419e-01 5.853883e-02
9.429429e-01 5.752973e-02
9.439439e-01 5.652062e-02
9.449449e-01 5.551151e-02
9.459459e-01 5.450239e-02
9.469469e-01 5.349326e-02
9.479479e-01 5.248412e-02
9.489489e-01 5.147498e-02
9.499499e-01 5.046582e-02
9.509510e-01 4.945666e-02
9.519520e-01 4.844749e-02
9.529530e-01 4.743832e-02
9.539540e-01 4.642914e-02
9.549550e-01 4.541995e-02
9.559560e-01 4.441075e-02
9.569570e-01 4.340155e-02
9.579580e-01 4.239234e-02
9.589590e-01 4.138312e-02
9.599600e-01 4.037389e-02
9.609610e-01 3.936466e-02
9.619620e-01 3.835542e-02
9.629630e-01 3.734618e-02
9.639640e-01 3.633693e-02
9.649650e-01 3.532767e-02
9.659660e-01 3.431841e-02
9.669670e-01 3.330914e-02
9.679680e-01 3.229986e-02
9.689690e-01 3.129058e-02
9.699700e-01 3.028129e-02
9.709710e-01 2.927199e-02
9.719720e-01 2.826269e-02
9.729730e-01 2.725338e-02
9.739740e-01 2.624407e-02
9.749750e-01 2.523475e-02
9.759760e-01 2.422542e-02
9.769770e-01 2.321609e-02
9.779780e-01 2.220675e-02
9.789790e-01 2.119741e-02
9.799800e-01 2.018806e-02
9.809810e-01 1.917871e-02
9.819820e-01 1.816935e-02
9.829830e-01 1.715998e-02
9.839840e-01 1.615061e-02
9.849850e-01 1.514124e-02
9.859860e-01 1.413186e-02
9.869870e-01 1.312247e-02
9.879880e-01 1.211308e-02
9.889890e-01 1.110368e-02
9.899900e-01 1.009428e-02
9.909910e-01 9.084876e-03
9.919920e-01 8.075465e-03
9.929930e-01 7.066048e-03
9.939940e-01 6.056627e-03
9.949950e-01 5.047201e-03
9.959960e-01 4.037770e-03
9.969970e-01 3.028335e-03
9.979980e-01 2.018894e-03
9.989990e-01 1.009450e-03
1.000000e+00 4.940656e-321
