0 0
0.001001 0.0179002
0.002002 0.0267511
0.003003 0.0355037
0.004004 0.0441592
0.00500501 0.0527183
0.00600601 0.0611822
0.00700701 0.0695517
0.00800801 0.0778278
0.00900901 0.0860114
0.01001 0.0941034
0.011011 0.102105
0.012012 0.110016
0.013013 0.117839
0.014014 0.125574
0.015015 0.133222
0.016016 0.140783
0.017017 0.148259
0.018018 0.155651
0.019019 0.162959
0.02002 0.170184
0.021021 0.177327
0.022022 0.184388
0.023023 0.19137
0.024024 0.198272
0.025025 0.205095
0.026026 0.21184
0.027027 0.218507
0.028028 0.225099
0.029029 0.231614
0.03003 0.238055
0.031031 0.244421
0.032032 0.250714
0.033033 0.256935
0.034034 0.263083
0.035035 0.26916
0.036036 0.275166
0.037037 0.281102
0.038038 0.28697
0.039039 0.292768
0.04004 0.298499
0.041041 0.304163
0.042042 0.309761
0.043043 0.315292
0.044044 0.320758
0.045045 0.32616
0.046046 0.331498
0.047047 0.336773
0.048048 0.341985
0.049049 0.347135
0.0500501 0.352224
0.0510511 0.357252
0.0520521 0.36222
0.0530531 0.367129
0.0540541 0.371978
0.0550551 0.376769
0.0560561 0.381503
0.0570571 0.386179
0.0580581 0.390798
0.0590591 0.395362
0.0600601 0.39987
0.0610611 0.404323
0.0620621 0.408721
0.0630631 0.413066
0.0640641 0.417357
0.0650651 0.421596
0.0660661 0.425782
0.0670671 0.429917
0.0680681 0.434
0.0690691 0.438033
0.0700701 0.442015
0.0710711 0.445948
0.0720721 0.449831
0.0730731 0.453666
0.0740741 0.457452
0.0750751 0.461191
0.0760761 0.464882
0.0770771 0.468526
0.0780781 0.472125
0.0790791 0.475677
0.0800801 0.479184
0.0810811 0.482646
0.0820821 0.486063
0.0830831 0.489436
0.0840841 0.492766
0.0850851 0.496052
0.0860861 0.499295
0.0870871 0.502497
0.0880881 0.505656
0.0890891 0.508773
0.0900901 0.51185
0.0910911 0.514886
0.0920921 0.517881
0.0930931 0.520837
0.0940941 0.523753
0.0950951 0.52663
0.0960961 0.529469
0.0970971 0.532269
0.0980981 0.535031
0.0990991 0.537755
0.1001 0.540443
0.101101 0.543093
0.102102 0.545707
0.103103 0.548285
0.104104 0.550828
0.105105 0.553334
0.106106 0.555806
0.107107 0.558243
0.108108 0.560646
0.109109 0.563015
0.11011 0.56535
0.111111 0.567652
0.112112 0.569921
0.113113 0.572157
0.114114 0.574361
0.115115 0.576533
0.116116 0.578673
0.117117 0.580782
0.118118 0.582859
0.119119 0.584906
0.12012 0.586923
0.121121 0.588909
0.122122 0.590866
0.123123 0.592793
0.124124 0.594691
0.125125 0.596559
0.126126 0.598399
0.127127 0.600211
0.128128 0.601995
0.129129 0.603751
0.13013 0.605479
0.131131 0.60718
0.132132 0.608854
0.133133 0.610501
0.134134 0.612122
0.135135 0.613716
0.136136 0.615285
0.137137 0.616828
0.138138 0.618346
0.139139 0.619838
0.14014 0.621305
0.141141 0.622748
0.142142 0.624166
0.143143 0.625561
0.144144 0.626931
0.145145 0.628277
0.146146 0.6296
0.147147 0.6309
0.148148 0.632177
0.149149 0.633431
0.15015 0.634662
0.151151 0.635871
0.152152 0.637058
0.153153 0.638224
0.154154 0.639367
0.155155 0.640489
0.156156 0.64159
0.157157 0.64267
0.158158 0.643729
0.159159 0.644767
0.16016 0.645785
0.161161 0.646783
0.162162 0.647761
0.163163 0.648719
0.164164 0.649657
0.165165 0.650576
0.166166 0.651476
0.167167 0.652356
0.168168 0.653218
0.169169 0.654061
0.17017 0.654886
0.171171 0.655693
0.172172 0.656481
0.173173 0.657252
0.174174 0.658005
0.175175 0.65874
0.176176 0.659458
0.177177 0.660158
0.178178 0.660842
0.179179 0.661509
0.18018 0.662159
0.181181 0.662792
0.182182 0.663409
0.183183 0.66401
0.184184 0.664595
0.185185 0.665164
0.186186 0.665717
0.187187 0.666255
0.188188 0.666777
0.189189 0.667284
0.19019 0.667776
0.191191 0.668253
0.192192 0.668715
0.193193 0.669163
0.194194 0.669596
0.195195 0.670015
0.196196 0.670419
0.197197 0.670809
0.198198 0.671186
0.199199 0.671548
0.2002 0.671897
0.201201 0.672232
0.202202 0.672554
0.203203 0.672863
0.204204 0.673158
0.205205 0.673441
0.206206 0.673711
0.207207 0.673968
0.208208 0.674212
0.209209 0.674444
0.21021 0.674663
0.211211 0.67487
0.212212 0.675065
0.213213 0.675249
0.214214 0.67542
0.215215 0.675579
0.216216 0.675727
0.217217 0.675863
0.218218 0.675988
0.219219 0.676102
0.22022 0.676204
0.221221 0.676295
0.222222 0.676375
0.223223 0.676445
0.224224 0.676504
0.225225 0.676552
0.226226 0.676589
0.227227 0.676616
0.228228 0.676633
0.229229 0.676639
0.23023 0.676636
0.231231 0.676622
0.232232 0.676599
0.233233 0.676565
0.234234 0.676522
0.235235 0.676469
0.236236 0.676407
0.237237 0.676336
0.238238 0.676254
0.239239 0.676164
0.24024 0.676065
0.241241 0.675956
0.242242 0.675839
0.243243 0.675712
0.244244 0.675577
0.245245 0.675433
0.246246 0.675281
0.247247 0.67512
0.248248 0.67495
0.249249 0.674772
0.25025 0.674586
0.251251 0.674392
0.252252 0.674189
0.253253 0.673979
0.254254 0.67376
0.255255 0.673534
0.256256 0.673299
0.257257 0.673058
0.258258 0.672808
0.259259 0.672551
0.26026 0.672286
0.261261 0.672014
0.262262 0.671735
0.263263 0.671448
0.264264 0.671154
0.265265 0.670853
0.266266 0.670545
0.267267 0.67023
0.268268 0.669908
0.269269 0.669579
0.27027 0.669243
0.271271 0.668901
0.272272 0.668552
0.273273 0.668197
0.274274 0.667834
0.275275 0.667466
0.276276 0.667091
0.277277 0.66671
0.278278 0.666322
0.279279 0.665928
0.28028 0.665529
0.281281 0.665123
0.282282 0.664711
0.283283 0.664293
0.284284 0.663869
0.285285 0.663439
0.286286 0.663004
0.287287 0.662563
0.288288 0.662116
0.289289 0.661664
0.29029 0.661206
0.291291 0.660742
0.292292 0.660273
0.293293 0.659799
0.294294 0.659319
0.295295 0.658834
0.296296 0.658344
0.297297 0.657849
0.298298 0.657349
0.299299 0.656843
0.3003 0.656332
0.301301 0.655817
0.302302 0.655297
0.303303 0.654771
0.304304 0.654241
0.305305 0.653706
0.306306 0.653167
0.307307 0.652622
0.308308 0.652073
0.309309 0.65152
0.31031 0.650962
0.311311 0.650399
0.312312 0.649832
0.313313 0.64926
0.314314 0.648685
0.315315 0.648104
0.316316 0.64752
0.317317 0.646931
0.318318 0.646338
0.319319 0.645741
0.32032 0.64514
0.321321 0.644535
0.322322 0.643926
0.323323 0.643313
0.324324 0.642695
0.325325 0.642074
0.326326 0.641449
0.327327 0.64082
0.328328 0.640188
0.329329 0.639552
0.33033 0.638911
0.331331 0.638268
0.332332 0.63762
0.333333 0.636969
0.334334 0.636315
0.335335 0.635657
0.336336 0.634995
0.337337 0.63433
0.338338 0.633661
0.339339 0.632989
0.34034 0.632314
0.341341 0.631635
0.342342 0.630953
0.343343 0.630268
0.344344 0.62958
0.345345 0.628888
0.346346 0.628193
0.347347 0.627495
0.348348 0.626794
0.349349 0.62609
0.35035 0.625383
0.351351 0.624673
0.352352 0.62396
0.353353 0.623244
0.354354 0.622524
0.355355 0.621803
0.356356 0.621078
0.357357 0.62035
0.358358 0.61962
0.359359 0.618886
0.36036 0.61815
0.361361 0.617412
0.362362 0.61667
0.363363 0.615926
0.364364 0.615179
0.365365 0.61443
0.366366 0.613678
0.367367 0.612923
0.368368 0.612166
0.369369 0.611407
0.37037 0.610645
0.371371 0.60988
0.372372 0.609113
0.373373 0.608343
0.374374 0.607572
0.375375 0.606797
0.376376 0.606021
0.377377 0.605242
0.378378 0.604461
0.379379 0.603677
0.38038 0.602892
0.381381 0.602104
0.382382 0.601314
0.383383 0.600521
0.384384 0.599727
0.385385 0.59893
0.386386 0.598131
0.387387 0.59733
0.388388 0.596528
0.389389 0.595722
0.39039 0.594915
0.391391 0.594106
0.392392 0.593295
0.393393 0.592482
0.394394 0.591667
0.395395 0.59085
0.396396 0.590031
0.397397 0.589211
0.398398 0.588388
0.399399 0.587563
0.4004 0.586737
0.401401 0.585909
0.402402 0.585079
0.403403 0.584247
0.404404 0.583413
0.405405 0.582578
0.406406 0.581741
0.407407 0.580902
0.408408 0.580062
0.409409 0.579219
0.41041 0.578376
0.411411 0.57753
0.412412 0.576683
0.413413 0.575834
0.414414 0.574984
0.415415 0.574132
0.416416 0.573278
0.417417 0.572423
0.418418 0.571566
0.419419 0.570708
0.42042 0.569849
0.421421 0.568987
0.422422 0.568125
0.423423 0.567261
0.424424 0.566395
0.425425 0.565528
0.426426 0.56466
0.427427 0.56379
0.428428 0.562918
0.429429 0.562046
0.43043 0.561172
0.431431 0.560297
0.432432 0.55942
0.433433 0.558542
0.434434 0.557663
0.435435 0.556782
0.436436 0.5559
0.437437 0.555017
0.438438 0.554132
0.439439 0.553247
0.44044 0.55236
0.441441 0.551472
0.442442 0.550582
0.443443 0.549692
0.444444 0.5488
0.445445 0.547907
0.446446 0.547013
0.447447 0.546118
0.448448 0.545221
0.449449 0.544324
0.45045 0.543425
0.451451 0.542525
0.452452 0.541624
0.453453 0.540722
0.454454 0.539819
0.455455 0.538915
0.456456 0.53801
0.457457 0.537104
0.458458 0.536197
0.459459 0.535289
0.46046 0.534379
0.461461 0.533469
0.462462 0.532558
0.463463 0.531646
0.464464 0.530732
0.465465 0.529818
0.466466 0.528903
0.467467 0.527987
0.468468 0.52707
0.469469 0.526152
0.47047 0.525233
0.471471 0.524314
0.472472 0.523393
0.473473 0.522471
0.474474 0.521549
0.475475 0.520626
0.476476 0.519702
0.477477 0.518777
0.478478 0.517851
0.479479 0.516924
0.48048 0.515997
0.481481 0.515068
0.482482 0.514139
0.483483 0.513209
0.484484 0.512278
0.485485 0.511347
0.486486 0.510414
0.487487 0.509481
0.488488 0.508548
0.489489 0.507613
0.49049 0.506678
0.491491 0.505741
0.492492 0.504805
0.493493 0.503867
0.494494 0.502929
0.495495 0.50199
0.496496 0.50105
0.497497 0.50011
0.498498 0.499169
0.499499 0.498227
0.500501 0.497284
0.501502 0.496341
0.502503 0.495397
0.503504 0.494453
0.504505 0.493508
0.505506 0.492562
0.506507 0.491616
0.507508 0.490669
0.508509 0.489721
0.50951 0.488773
0.510511 0.487824
0.511512 0.486874
0.512513 0.485924
0.513514 0.484974
0.514515 0.484022
0.515516 0.48307
0.516517 0.482118
0.517518 0.481165
0.518519 0.480211
0.51952 0.479257
0.520521 0.478303
0.521522 0.477347
0.522523 0.476392
0.523524 0.475435
0.524525 0.474478
0.525526 0.473521
0.526527 0.472563
0.527528 0.471605
0.528529 0.470646
0.52953 0.469686
0.530531 0.468726
0.531532 0.467766
0.532533 0.466805
0.533534 0.465843
0.534535 0.464882
0.535536 0.463919
0.536537 0.462956
0.537538 0.461993
0.538539 0.461029
0.53954 0.460065
0.540541 0.4591
0.541542 0.458135
0.542543 0.457169
0.543544 0.456203
0.544545 0.455237
0.545546 0.45427
0.546547 0.453303
0.547548 0.452335
0.548549 0.451367
0.54955 0.450398
0.550551 0.449429
0.551552 0.44846
0.552553 0.44749
0.553554 0.44652
0.554555 0.445549
0.555556 0.444578
0.556557 0.443606
0.557558 0.442635
0.558559 0.441663
0.55956 0.44069
0.560561 0.439717
0.561562 0.438744
0.562563 0.43777
0.563564 0.436796
0.564565 0.435822
0.565566 0.434847
0.566567 0.433872
0.567568 0.432897
0.568569 0.431921
0.56957 0.430945
0.570571 0.429968
0.571572 0.428992
0.572573 0.428014
0.573574 0.427037
0.574575 0.426059
0.575576 0.425081
0.576577 0.424103
0.577578 0.423124
0.578579 0.422145
0.57958 0.421166
0.580581 0.420186
0.581582 0.419206
0.582583 0.418226
0.583584 0.417245
0.584585 0.416265
0.585586 0.415284
0.586587 0.414302
0.587588 0.41332
0.588589 0.412339
0.58959 0.411356
0.590591 0.410374
0.591592 0.409391
0.592593 0.408408
0.593594 0.407425
0.594595 0.406441
0.595596 0.405457
0.596597 0.404473
0.597598 0.403489
0.598599 0.402504
0.5996 0.401519
0.600601 0.400534
0.601602 0.399549
0.602603 0.398563
0.603604 0.397577
0.604605 0.396591
0.605606 0.395605
0.606607 0.394618
0.607608 0.393631
0.608609 0.392644
0.60961 0.391657
0.610611 0.39067
0.611612 0.389682
0.612613 0.388694
0.613614 0.387706
0.614615 0.386718
0.615616 0.385729
0.616617 0.38474
0.617618 0.383751
0.618619 0.382762
0.61962 0.381773
0.620621 0.380783
0.621622 0.379793
0.622623 0.378803
0.623624 0.377813
0.624625 0.376823
0.625626 0.375832
0.626627 0.374841
0.627628 0.37385
0.628629 0.372859
0.62963 0.371868
0.630631 0.370876
0.631632 0.369884
0.632633 0.368892
0.633634 0.3679
0.634635 0.366908
0.635636 0.365916
0.636637 0.364923
0.637638 0.36393
0.638639 0.362937
0.63964 0.361944
0.640641 0.360951
0.641642 0.359957
0.642643 0.358964
0.643644 0.35797
0.644645 0.356976
0.645646 0.355982
0.646647 0.354988
0.647648 0.353993
0.648649 0.352999
0.64965 0.352004
0.650651 0.351009
0.651652 0.350014
0.652653 0.349019
0.653654 0.348023
0.654655 0.347028
0.655656 0.346032
0.656657 0.345037
0.657658 0.344041
0.658659 0.343045
0.65966 0.342049
0.660661 0.341052
0.661662 0.340056
0.662663 0.339059
0.663664 0.338062
0.664665 0.337066
0.665666 0.336069
0.666667 0.335072
0.667668 0.334074
0.668669 0.333077
0.66967 0.332079
0.670671 0.331082
0.671672 0.330084
0.672673 0.329086
0.673674 0.328088
0.674675 0.32709
0.675676 0.326092
0.676677 0.325094
0.677678 0.324095
0.678679 0.323097
0.67968 0.322098
0.680681 0.321099
0.681682 0.3201
0.682683 0.319101
0.683684 0.318102
0.684685 0.317103
0.685686 0.316104
0.686687 0.315104
0.687688 0.314105
0.688689 0.313105
0.68969 0.312105
0.690691 0.311106
0.691692 0.310106
0.692693 0.309106
0.693694 0.308105
0.694695 0.307105
0.695696 0.306105
0.696697 0.305104
0.697698 0.304104
0.698699 0.303103
0.6997 0.302103
0.700701 0.301102
0.701702 0.300101
0.702703 0.2991
0.703704 0.298099
0.704705 0.297098
0.705706 0.296097
0.706707 0.295095
0.707708 0.294094
0.708709 0.293092
0.70971 0.292091
0.710711 0.291089
0.711712 0.290087
0.712713 0.289085
0.713714 0.288084
0.714715 0.287082
0.715716 0.28608
0.716717 0.285077
0.717718 0.284075
0.718719 0.283073
0.71972 0.28207
0.720721 0.281068
0.721722 0.280065
0.722723 0.279063
0.723724 0.27806
0.724725 0.277057
0.725726 0.276055
0.726727 0.275052
0.727728 0.274049
0.728729 0.273046
0.72973 0.272043
0.730731 0.27104
0.731732 0.270036
0.732733 0.269033
0.733734 0.26803
0.734735 0.267026
0.735736 0.266023
0.736737 0.265019
0.737738 0.264016
0.738739 0.263012
0.73974 0.262008
0.740741 0.261004
0.741742 0.260001
0.742743 0.258997
0.743744 0.257993
0.744745 0.256989
0.745746 0.255984
0.746747 0.25498
0.747748 0.253976
0.748749 0.252972
0.74975 0.251967
0.750751 0.250963
0.751752 0.249959
0.752753 0.248954
0.753754 0.24795
0.754755 0.246945
0.755756 0.24594
0.756757 0.244936
0.757758 0.243931
0.758759 0.242926
0.75976 0.241921
0.760761 0.240916
0.761762 0.239911
0.762763 0.238906
0.763764 0.237901
0.764765 0.236896
0.765766 0.235891
0.766767 0.234886
0.767768 0.233881
0.768769 0.232875
0.76977 0.23187
0.770771 0.230865
0.771772 0.229859
0.772773 0.228854
0.773774 0.227848
0.774775 0.226843
0.775776 0.225837
0.776777 0.224831
0.777778 0.223826
0.778779 0.22282
0.77978 0.221814
0.780781 0.220808
0.781782 0.219802
0.782783 0.218797
0.783784 0.217791
0.784785 0.216785
0.785786 0.215779
0.786787 0.214773
0.787788 0.213766
0.788789 0.21276
0.78979 0.211754
0.790791 0.210748
0.791792 0.209742
0.792793 0.208735
0.793794 0.207729
0.794795 0.206723
0.795796 0.205716
0.796797 0.20471
0.797798 0.203704
0.798799 0.202697
0.7998 0.201691
0.800801 0.200684
0.801802 0.199677
0.802803 0.198671
0.803804 0.197664
0.804805 0.196657
0.805806 0.195651
0.806807 0.194644
0.807808 0.193637
0.808809 0.19263
0.80981 0.191623
0.810811 0.190617
0.811812 0.18961
0.812813 0.188603
0.813814 0.187596
0.814815 0.186589
0.815816 0.185582
0.816817 0.184575
0.817818 0.183568
0.818819 0.182561
0.81982 0.181553
0.820821 0.180546
0.821822 0.179539
0.822823 0.178532
0.823824 0.177525
0.824825 0.176517
0.825826 0.17551
0.826827 0.174503
0.827828 0.173495
0.828829 0.172488
0.82983 0.171481
0.830831 0.170473
0.831832 0.169466
0.832833 0.168458
0.833834 0.167451
0.834835 0.166443
0.835836 0.165436
0.836837 0.164428
0.837838 0.16342
0.838839 0.162413
0.83984 0.161405
0.840841 0.160398
0.841842 0.15939
0.842843 0.158382
0.843844 0.157374
0.844845 0.156367
0.845846 0.155359
0.846847 0.154351
0.847848 0.153343
0.848849 0.152335
0.84985 0.151328
0.850851 0.15032
0.851852 0.149312
0.852853 0.148304
0.853854 0.147296
0.854855 0.146288
0.855856 0.14528
0.856857 0.144272
0.857858 0.143264
0.858859 0.142256
0.85986 0.141248
0.860861 0.14024
0.861862 0.139232
0.862863 0.138224
0.863864 0.137216
0.864865 0.136207
0.865866 0.135199
0.866867 0.134191
0.867868 0.133183
0.868869 0.132175
0.86987 0.131166
0.870871 0.130158
0.871872 0.12915
0.872873 0.128142
0.873874 0.127133
0.874875 0.126125
0.875876 0.125117
0.876877 0.124108
0.877878 0.1231
0.878879 0.122092
0.87988 0.121083
0.880881 0.120075
0.881882 0.119066
0.882883 0.118058
0.883884 0.11705
0.884885 0.116041
0.885886 0.115033
0.886887 0.114024
0.887888 0.113016
0.888889 0.112007
0.88989 0.110999
0.890891 0.10999
0.891892 0.108981
0.892893 0.107973
0.893894 0.106964
0.894895 0.105956
0.895896 0.104947
0.896897 0.103938
0.897898 0.10293
0.898899 0.101921
0.8999 0.100912
0.900901 0.0999038
0.901902 0.0988951
0.902903 0.0978864
0.903904 0.0968777
0.904905 0.095869
0.905906 0.0948603
0.906907 0.0938515
0.907908 0.0928427
0.908909 0.091834
0.90991 0.0908252
0.910911 0.0898164
0.911912 0.0888076
0.912913 0.0877988
0.913914 0.08679
0.914915 0.0857811
0.915916 0.0847723
0.916917 0.0837634
0.917918 0.0827545
0.918919 0.0817457
0.91992 0.0807368
0.920921 0.0797279
0.921922 0.078719
0.922923 0.0777101
0.923924 0.0767011
0.924925 0.0756922
0.925926 0.0746832
0.926927 0.0736743
0.927928 0.0726653
0.928929 0.0716563
0.92993 0.0706473
0.930931 0.0696384
0.931932 0.0686293
0.932933 0.0676203
0.933934 0.0666113
0.934935 0.0656023
0.935936 0.0645932
0.936937 0.0635842
0.937938 0.0625751
0.938939 0.0615661
0.93994 0.060557
0.940941 0.0595479
0.941942 0.0585388
0.942943 0.0575297
0.943944 0.0565206
0.944945 0.0555115
0.945946 0.0545024
0.946947 0.0534933
0.947948 0.0524841
0.948949 0.051475
0.94995 0.0504658
0.950951 0.0494567
0.951952 0.0484475
0.952953 0.0474383
0.953954 0.0464291
0.954955 0.0454199
0.955956 0.0444108
0.956957 0.0434015
0.957958 0.0423923
0.958959 0.0413831
0.95996 0.0403739
0.960961 0.0393647
0.961962 0.0383554
0.962963 0.0373462
0.963964 0.0363369
0.964965 0.0353277
0.965966 0.0343184
0.966967 0.0333091
0.967968 0.0322999
0.968969 0.0312906
0.96997 0.0302813
0.970971 0.029272
0.971972 0.0282627
0.972973 0.0272534
0.973974 0.0262441
0.974975 0.0252347
0.975976 0.0242254
0.976977 0.0232161
0.977978 0.0222068
0.978979 0.0211974
0.97998 0.0201881
0.980981 0.0191787
0.981982 0.0181693
0.982983 0.01716
0.983984 0.0161506
0.984985 0.0151412
0.985986 0.0141319
0.986987 0.0131225
0.987988 0.0121131
0.988989 0.0111037
0.98999 0.0100943
0.990991 0.00908488
0.991992 0.00807546
0.992993 0.00706605
0.993994 0.00605663
0.994995 0.0050472
0.995996 0.00403777
0.996997 0.00302833
0.997998 0.00201889
0.998999 0.00100945
1 0
