38.4166
0.23053
-0.23053
-0.387868
0.387868
0.120131
-0.120131
-0.422061
0.422061
0.322253
-0.322253

445.583
0.387868
0.387868
-0.322253
-0.322253
0.23053
0.23053
-0.120131
-0.120131
0.422061
0.422061

141.47
0.422061
-0.422061
0.120131
-0.120131
0.322253
-0.322253
0.387868
-0.387868
0.23053
-0.23053

342.53
0.322253
0.322253
0.422061
0.422061
0.387868
0.387868
0.23053
0.23053
-0.120131
-0.120131

9.8027
0.120131
-0.120131
0.23053
-0.23053
0.422061
-0.422061
-0.322253
0.322253
-0.387868
0.387868

474.197
-0.120131
-0.120131
-0.23053
-0.23053
0.422061
0.422061
-0.322253
-0.322253
-0.387868
-0.387868

207.56
-0.322253
0.322253
-0.422061
0.422061
0.387868
-0.387868
0.23053
-0.23053
-0.120131
0.120131

276.44
-0.422061
-0.422061
-0.120131
-0.120131
0.322253
0.322253
0.387868
0.387868
0.23053
0.23053

83.5237
-0.387868
0.387868
0.322253
-0.322253
0.23053
-0.23053
-0.120131
0.120131
0.422061
-0.422061

400.476
-0.23053
-0.23053
0.387868
0.387868
0.120131
0.120131
-0.422061
-0.422061
0.322253
0.322253

