38.4166
0.23053
0.387868
0.422061
0.322253
0.120131
-0.120131
-0.322253
-0.422061
-0.387868
-0.23053

445.583
-0.23053
0.387868
-0.422061
0.322253
-0.120131
-0.120131
0.322253
-0.422061
0.387868
-0.23053

141.47
-0.387868
-0.322253
0.120131
0.422061
0.23053
-0.23053
-0.422061
-0.120131
0.322253
0.387868

342.53
0.387868
-0.322253
-0.120131
0.422061
-0.23053
-0.23053
0.422061
-0.120131
-0.322253
0.387868

9.8027
0.120131
0.23053
0.322253
0.387868
0.422061
0.422061
0.387868
0.322253
0.23053
0.120131

474.197
-0.120131
0.23053
-0.322253
0.387868
-0.422061
0.422061
-0.387868
0.322253
-0.23053
0.120131

207.56
-0.422061
-0.120131
0.387868
0.23053
-0.322253
-0.322253
0.23053
0.387868
-0.120131
-0.422061

276.44
0.422061
-0.120131
-0.387868
0.23053
0.322253
-0.322253
-0.23053
0.387868
0.120131
-0.422061

83.5237
0.322253
0.422061
0.23053
-0.120131
-0.387868
-0.387868
-0.120131
0.23053
0.422061
0.322253

400.476
-0.322253
0.422061
-0.23053
-0.120131
0.387868
-0.387868
0.120131
0.23053
-0.422061
0.322253

